COD_PROVINCIA|IND_SEXO|EDAD|NUM_PERMISOS|NUM_LICENCIAS|NUM_LICENCIAS_PERMISOS|NUM_PERMISOS_A|NUM_PERMISOS_B|NUM_PERMISOS_C|NUM_PERMISOS_D|NUM_PERMISOS_LCM|NUM_PERMISOS_LVA
01|M|15 a 17 años|21|1|22|21|0|0|0|0|1
01|M|18 a 20 años|914|1|915|36|901|0|0|0|1
01|M|21 a 24 años|3210|0|3210|64|3208|9|0|0|0
01|M|25 a 29 años|4558|0|4558|148|4548|20|1|0|0
01|M|30 a 34 años|5559|0|5559|439|5534|40|19|0|0
01|M|35 a 39 años|7300|0|7300|642|7280|50|53|0|0
01|M|40 a 44 años|9836|0|9836|1061|9816|102|82|0|0
01|M|45 a 49 años|11762|0|11762|1585|11702|147|126|0|0
01|M|50 a 54 años|10506|0|10506|1276|10434|102|79|0|0
01|M|55 a 59 años|9346|0|9346|756|9271|71|52|0|0
01|M|60 a 64 años|7944|0|7944|548|7898|30|27|0|0
01|M|65 a 69 años|5836|0|5836|337|5782|7|7|0|0
01|M|70 a 74 años|3419|1|3419|203|3365|2|1|0|1
01|M|Más de 74 años|2457|0|2457|341|2309|1|1|0|0
01|V|15 a 17 años|99|7|104|99|0|0|0|0|7
01|V|18 a 20 años|1568|1|1569|235|1514|0|0|0|1
01|V|21 a 24 años|4069|1|4070|420|4058|74|0|0|1
01|V|25 a 29 años|5925|0|5925|859|5907|209|30|0|0
01|V|30 a 34 años|6753|0|6753|1864|6700|367|80|0|0
01|V|35 a 39 años|8341|0|8341|2590|8312|655|198|0|0
01|V|40 a 44 años|10748|0|10748|3726|10686|1010|382|0|0
01|V|45 a 49 años|13189|0|13189|4858|13035|1453|607|0|0
01|V|50 a 54 años|12593|0|12593|4539|12419|1743|837|0|0
01|V|55 a 59 años|11808|1|11808|3751|11675|1780|925|0|1
01|V|60 a 64 años|10187|0|10187|3625|10077|1316|620|0|0
01|V|65 a 69 años|8661|0|8661|3063|8551|612|320|0|0
01|V|70 a 74 años|7306|1|7306|2700|7167|213|91|0|1
01|V|Más de 74 años|11060|1|11060|6244|9822|69|32|0|1
02|M|15 a 17 años|57|0|57|57|0|0|0|0|0
02|M|18 a 20 años|1734|0|1734|129|1694|1|0|0|0
02|M|21 a 24 años|5202|0|5202|164|5194|17|0|0|0
02|M|25 a 29 años|7518|0|7518|439|7501|47|1|0|0
02|M|30 a 34 años|9020|0|9020|1418|8985|64|7|0|0
02|M|35 a 39 años|9680|0|9680|1996|9642|94|18|0|0
02|M|40 a 44 años|11911|0|11911|3078|11813|206|57|0|0
02|M|45 a 49 años|13714|0|13714|3638|13485|272|72|0|0
02|M|50 a 54 años|12176|0|12176|2986|11895|104|56|0|0
02|M|55 a 59 años|11238|0|11238|2058|10949|64|35|0|0
02|M|60 a 64 años|8666|0|8666|1362|8378|29|18|0|0
02|M|65 a 69 años|5310|0|5310|689|5131|7|5|0|0
02|M|70 a 74 años|2728|0|2728|303|2572|2|0|0|0
02|M|Más de 74 años|1716|0|1716|320|1503|1|0|0|0
02|V|15 a 17 años|381|5|383|381|0|0|0|0|5
02|V|18 a 20 años|3066|4|3067|768|2856|5|0|0|4
02|V|21 a 24 años|6415|0|6415|1080|6364|185|2|0|0
02|V|25 a 29 años|9609|0|9609|2111|9577|667|47|0|0
02|V|30 a 34 años|10141|0|10141|4774|10070|1057|74|0|0
02|V|35 a 39 años|11073|0|11073|6021|11007|1540|180|0|0
02|V|40 a 44 años|12181|0|12181|7022|12021|2108|364|0|0
02|V|45 a 49 años|13691|1|13691|8419|13345|2637|646|0|1
02|V|50 a 54 años|14239|1|14239|8268|13824|2822|1226|0|1
02|V|55 a 59 años|14405|6|14405|8091|13932|2625|1358|0|6
02|V|60 a 64 años|13054|11|13054|7969|12602|2076|890|0|11
02|V|65 a 69 años|9614|17|9614|6513|9135|713|283|0|17
02|V|70 a 74 años|7462|17|7462|5706|6970|264|116|0|17
02|V|Más de 74 años|14413|74|14413|12851|9590|118|46|0|74
03|M|15 a 17 años|1296|0|1296|1296|0|0|0|0|0
03|M|18 a 20 años|9199|0|9199|1944|8233|0|0|0|0
03|M|21 a 24 años|22633|0|22633|1909|22376|30|0|0|0
03|M|25 a 29 años|32388|0|32388|2751|32233|85|15|0|0
03|M|30 a 34 años|38346|0|38346|7864|38069|130|34|0|0
03|M|35 a 39 años|44601|0|44601|11864|44250|189|82|0|0
03|M|40 a 44 años|53911|0|53911|17523|53181|283|138|0|0
03|M|45 a 49 años|61220|0|61220|21819|59758|587|171|0|0
03|M|50 a 54 años|56706|0|56706|20134|55034|872|159|0|0
03|M|55 a 59 años|52433|0|52433|16361|50873|1198|145|0|0
03|M|60 a 64 años|43742|0|43742|12589|42328|1169|57|0|0
03|M|65 a 69 años|33609|0|33609|8106|32516|905|31|0|0
03|M|70 a 74 años|22141|0|22141|4819|21301|299|19|0|0
03|M|Más de 74 años|21151|0|21151|6743|18663|107|7|0|0
03|V|15 a 17 años|3153|2|3155|3153|0|0|0|0|2
03|V|18 a 20 años|14137|0|14137|5329|12144|9|0|0|0
03|V|21 a 24 años|27826|0|27826|6837|26949|451|5|0|0
03|V|25 a 29 años|37608|0|37608|9268|37158|1316|94|0|0
03|V|30 a 34 años|42215|0|42215|19622|41610|2013|264|0|0
03|V|35 a 39 años|48544|0|48544|26461|47926|3477|650|0|0
03|V|40 a 44 años|60961|0|60961|36116|59771|6034|1169|0|0
03|V|45 a 49 años|71917|1|71918|43799|69828|9017|2364|0|1
03|V|50 a 54 años|68153|0|68153|43208|65828|10026|3771|0|0
03|V|55 a 59 años|62927|0|62927|41183|60656|9279|3683|0|0
03|V|60 a 64 años|55520|1|55520|38494|53502|7575|2568|0|1
03|V|65 a 69 años|46633|0|46633|32173|44810|3634|1146|0|0
03|V|70 a 74 años|37985|5|37985|26154|36438|1335|407|0|5
03|V|Más de 74 años|59538|2|59538|44988|50763|750|203|0|2
04|M|15 a 17 años|96|0|96|96|0|0|0|0|0
04|M|18 a 20 años|2583|0|2583|163|2510|2|0|0|0
04|M|21 a 24 años|9001|0|9001|249|8972|30|0|0|0
04|M|25 a 29 años|13728|0|13728|592|13697|76|6|0|0
04|M|30 a 34 años|16523|0|16523|2218|16473|149|21|0|0
04|M|35 a 39 años|18870|0|18870|3291|18788|241|50|0|0
04|M|40 a 44 años|21756|0|21756|5232|21557|295|66|0|0
04|M|45 a 49 años|23157|0|23157|6478|22687|339|91|0|0
04|M|50 a 54 años|20324|0|20324|5544|19802|376|69|0|0
04|M|55 a 59 años|18408|0|18408|4230|17929|449|62|0|0
04|M|60 a 64 años|14037|0|14037|2999|13611|393|26|0|0
04|M|65 a 69 años|9869|0|9869|1916|9533|232|10|0|0
04|M|70 a 74 años|5653|0|5653|1174|5383|45|3|0|0
04|M|Más de 74 años|4037|0|4037|1103|3625|5|0|0|0
04|V|15 a 17 años|722|1|722|722|0|0|0|0|1
04|V|18 a 20 años|4911|1|4912|1450|4270|5|1|0|1
04|V|21 a 24 años|11192|0|11192|1882|10974|424|1|0|0
04|V|25 a 29 años|17167|0|17167|3257|17032|1267|59|0|0
04|V|30 a 34 años|20069|0|20069|7787|19888|2214|163|0|0
04|V|35 a 39 años|22659|0|22659|10584|22414|3378|422|0|0
04|V|40 a 44 años|27093|0|27093|13993|26572|4822|848|0|0
04|V|45 a 49 años|29965|0|29965|15797|29042|5915|1459|0|0
04|V|50 a 54 años|26518|1|26518|14631|25473|5342|2050|0|1
04|V|55 a 59 años|24152|0|24152|14059|23102|4642|2022|0|0
04|V|60 a 64 años|20718|0|20718|13460|19604|3570|1310|0|0
04|V|65 a 69 años|16658|0|16658|11594|15609|1833|569|0|0
04|V|70 a 74 años|12442|5|12442|9043|11403|549|178|0|5
04|V|Más de 74 años|17932|3|17932|14287|13035|188|64|0|3
05|M|15 a 17 años|25|0|25|25|0|0|0|0|0
05|M|18 a 20 años|654|0|654|56|632|0|0|0|0
05|M|21 a 24 años|1923|0|1923|78|1918|4|0|0|0
05|M|25 a 29 años|2766|0|2766|144|2765|9|0|0|0
05|M|30 a 34 años|3059|0|3059|430|3056|19|7|0|0
05|M|35 a 39 años|3560|0|3560|515|3555|31|9|0|0
05|M|40 a 44 años|4225|0|4225|694|4210|55|21|0|0
05|M|45 a 49 años|4891|0|4891|981|4836|55|18|0|0
05|M|50 a 54 años|4706|0|4706|769|4654|35|15|0|0
05|M|55 a 59 años|4651|0|4651|475|4603|27|13|0|0
05|M|60 a 64 años|4072|0|4072|376|4019|16|7|0|0
05|M|65 a 69 años|2636|0|2636|218|2585|4|3|0|0
05|M|70 a 74 años|1510|0|1510|101|1478|0|0|0|0
05|M|Más de 74 años|1058|0|1058|129|1001|0|0|0|0
05|V|15 a 17 años|141|3|144|141|0|0|0|0|3
05|V|18 a 20 años|1014|2|1016|247|970|0|0|0|2
05|V|21 a 24 años|2089|0|2089|317|2078|59|1|0|0
05|V|25 a 29 años|3169|0|3169|632|3167|196|25|0|0
05|V|30 a 34 años|3497|0|3497|1342|3482|331|42|0|0
05|V|35 a 39 años|3946|0|3946|1751|3921|605|131|0|0
05|V|40 a 44 años|4635|0|4635|2150|4608|898|258|0|0
05|V|45 a 49 años|5639|0|5639|2591|5569|1067|343|0|0
05|V|50 a 54 años|5603|0|5603|2445|5503|1056|486|0|0
05|V|55 a 59 años|5810|0|5810|2193|5711|1008|558|0|0
05|V|60 a 64 años|5948|2|5948|2505|5799|912|376|0|2
05|V|65 a 69 años|5090|3|5090|2117|4921|438|174|0|3
05|V|70 a 74 años|4075|2|4075|1814|3876|162|76|0|2
05|V|Más de 74 años|7359|10|7362|4809|5472|75|20|0|10
06|M|15 a 17 años|204|0|204|204|0|0|0|0|0
06|M|18 a 20 años|3237|0|3237|333|3101|3|0|0|0
06|M|21 a 24 años|9673|0|9673|401|9644|45|1|0|0
06|M|25 a 29 años|13839|0|13839|572|13828|98|19|0|0
06|M|30 a 34 años|16793|0|16793|2003|16770|129|35|0|0
06|M|35 a 39 años|18166|0|18166|2504|18129|166|45|0|0
06|M|40 a 44 años|20260|0|20260|3354|20159|183|71|0|0
06|M|45 a 49 años|21443|0|21443|4016|21194|194|58|0|0
06|M|50 a 54 años|19841|1|19841|3826|19475|117|68|0|1
06|M|55 a 59 años|18095|0|18095|2599|17709|75|46|0|0
06|M|60 a 64 años|13585|1|13585|1720|13216|22|17|0|1
06|M|65 a 69 años|8362|1|8362|1034|8048|8|3|0|1
06|M|70 a 74 años|4437|0|4437|456|4239|2|2|0|0
06|M|Más de 74 años|2907|0|2907|398|2715|2|1|0|0
06|V|15 a 17 años|1030|20|1044|1030|0|0|0|0|20
06|V|18 a 20 años|5571|11|5578|1568|5129|16|0|0|11
06|V|21 a 24 años|10806|0|10806|1937|10704|306|8|0|0
06|V|25 a 29 años|16341|0|16341|3731|16281|1011|60|0|0
06|V|30 a 34 años|18396|1|18396|8488|18312|1644|174|0|1
06|V|35 a 39 años|19979|1|19979|10350|19875|2907|364|0|1
06|V|40 a 44 años|22064|3|22065|11870|21834|3741|675|0|3
06|V|45 a 49 años|24166|1|24166|13206|23648|4239|1163|0|1
06|V|50 a 54 años|24403|15|24407|13666|23617|4299|1865|2|13
06|V|55 a 59 años|24714|16|24715|13255|23686|3692|1825|0|16
06|V|60 a 64 años|22922|25|22922|14233|21647|2820|1138|0|25
06|V|65 a 69 años|17822|23|17822|12544|16519|1137|465|0|23
06|V|70 a 74 años|13941|41|13941|10034|12601|420|192|0|41
06|V|Más de 74 años|25274|97|25275|20917|16058|207|84|0|97
07|M|15 a 17 años|954|0|954|954|0|0|0|0|0
07|M|18 a 20 años|4781|0|4781|1510|4038|2|1|0|0
07|M|21 a 24 años|13439|0|13439|2233|13131|23|1|0|0
07|M|25 a 29 años|25039|0|25039|5046|24852|209|50|0|0
07|M|30 a 34 años|31650|0|31650|9280|31375|357|144|0|0
07|M|35 a 39 años|37788|0|37788|15433|37436|780|361|0|0
07|M|40 a 44 años|42257|0|42257|18050|41595|883|387|0|0
07|M|45 a 49 años|42215|0|42215|17340|41177|747|299|0|0
07|M|50 a 54 años|36901|0|36901|16749|35672|608|164|0|0
07|M|55 a 59 años|32415|1|32416|13266|31330|528|96|1|0
07|M|60 a 64 años|26204|2|26204|9317|25245|392|53|1|1
07|M|65 a 69 años|20581|0|20581|5451|19754|195|16|0|0
07|M|70 a 74 años|14764|0|14764|3460|13957|65|5|0|0
07|M|Más de 74 años|17128|0|17128|6330|13706|34|0|0|0
07|V|15 a 17 años|2166|5|2168|2166|0|0|0|0|5
07|V|18 a 20 años|7497|0|7497|3509|6050|3|0|0|0
07|V|21 a 24 años|16246|0|16246|5014|15625|215|12|0|0
07|V|25 a 29 años|18783|0|18783|5544|18490|631|115|0|0
07|V|30 a 34 años|22828|0|22828|11551|22452|1181|362|0|0
07|V|35 a 39 años|25128|0|25128|12320|24784|1705|632|0|0
07|V|40 a 44 años|33614|0|33614|19231|32893|2974|1165|0|0
07|V|45 a 49 años|42429|0|42429|27080|41011|4671|1908|0|0
07|V|50 a 54 años|41579|1|41579|27962|40011|4945|2445|0|1
07|V|55 a 59 años|36969|0|36969|25429|35460|4759|2434|0|0
07|V|60 a 64 años|30306|1|30306|21533|28892|3846|1810|0|1
07|V|65 a 69 años|24432|4|24432|17437|23133|1698|739|0|4
07|V|70 a 74 años|19642|6|19642|13890|18410|698|277|0|6
07|V|Más de 74 años|31075|21|31075|25572|24966|304|107|0|21
08|M|15 a 17 años|1047|1|1048|1047|0|0|0|0|1
08|M|18 a 20 años|18827|1|18827|2664|17849|15|0|0|1
08|M|21 a 24 años|60711|1|60712|5119|60254|95|9|0|1
08|M|25 a 29 años|92015|0|92015|10055|91448|266|71|0|0
08|M|30 a 34 años|110580|0|110580|21428|109639|389|240|0|0
08|M|35 a 39 años|126351|0|126351|28208|125188|731|496|0|0
08|M|40 a 44 años|152320|0|152320|39609|150222|981|643|0|0
08|M|45 a 49 años|181357|0|181357|56615|176908|1064|694|0|0
08|M|50 a 54 años|162738|0|162738|53566|157363|798|542|0|0
08|M|55 a 59 años|141737|0|141737|39320|137704|633|396|0|0
08|M|60 a 64 años|113776|0|113776|28128|110803|341|161|0|0
08|M|65 a 69 años|88371|0|88371|15897|86368|193|70|0|0
08|M|70 a 74 años|57195|0|57195|7722|55604|50|10|0|0
08|M|Más de 74 años|46294|0|46294|10127|43116|14|0|0|0
08|V|15 a 17 años|3135|17|3148|3135|0|0|0|0|17
08|V|18 a 20 años|30090|8|30095|8074|27610|43|0|0|8
08|V|21 a 24 años|72760|2|72761|14223|71526|666|25|0|2
08|V|25 a 29 años|103595|0|103595|26002|102453|2314|394|0|0
08|V|30 a 34 años|120699|1|120700|47408|119128|3945|1057|0|1
08|V|35 a 39 años|136145|0|136145|58758|134455|7060|2360|0|0
08|V|40 a 44 años|173242|0|173242|85150|170313|12573|4328|0|0
08|V|45 a 49 años|219084|0|219084|117093|212535|19317|6839|0|0
08|V|50 a 54 años|204706|1|204706|115208|197385|20531|8974|0|1
08|V|55 a 59 años|182186|0|182186|98749|175846|18683|8842|0|0
08|V|60 a 64 años|148065|1|148065|83908|143156|15792|6551|0|1
08|V|65 a 69 años|124142|3|124142|64514|120342|7712|3267|0|3
08|V|70 a 74 años|100532|2|100532|47277|97227|3427|1428|0|2
08|V|Más de 74 años|151109|3|151110|92468|134445|1759|633|1|2
09|M|15 a 17 años|14|0|14|14|0|0|0|0|0
09|M|18 a 20 años|955|0|955|53|939|0|0|0|0
09|M|21 a 24 años|3729|0|3729|90|3727|7|0|0|0
09|M|25 a 29 años|5452|0|5452|192|5444|24|5|0|0
09|M|30 a 34 años|6351|0|6351|365|6344|24|13|0|0
09|M|35 a 39 años|7923|0|7923|632|7916|92|19|0|0
09|M|40 a 44 años|9364|0|9364|836|9353|105|53|0|0
09|M|45 a 49 años|11382|0|11382|1158|11331|137|56|0|0
09|M|50 a 54 años|10754|0|10754|1096|10677|88|46|0|0
09|M|55 a 59 años|10402|0|10402|809|10326|53|30|0|0
09|M|60 a 64 años|8673|0|8673|572|8587|28|15|0|0
09|M|65 a 69 años|6334|1|6334|434|6243|11|6|0|1
09|M|70 a 74 años|3580|1|3580|234|3496|2|1|0|1
09|M|Más de 74 años|2471|0|2471|423|2206|2|1|0|0
09|V|15 a 17 años|149|9|156|149|0|0|0|0|9
09|V|18 a 20 años|1776|2|1778|282|1711|0|0|0|2
09|V|21 a 24 años|4717|0|4717|501|4698|80|1|0|0
09|V|25 a 29 años|6913|0|6913|1061|6894|325|18|0|0
09|V|30 a 34 años|7796|0|7796|2005|7771|547|64|0|0
09|V|35 a 39 años|9044|1|9044|2725|9013|1059|162|0|1
09|V|40 a 44 años|11029|2|11030|3761|10974|1624|341|0|2
09|V|45 a 49 años|13481|0|13481|4815|13364|2314|666|0|0
09|V|50 a 54 años|13313|1|13313|4633|13179|2541|1162|0|1
09|V|55 a 59 años|12905|1|12905|3957|12761|2315|1263|0|1
09|V|60 a 64 años|12572|3|12572|4293|12387|2139|983|0|3
09|V|65 a 69 años|11010|4|11011|3905|10774|770|335|0|4
09|V|70 a 74 años|8928|9|8928|3738|8602|238|90|0|9
09|V|Más de 74 años|13994|28|13995|9259|11119|61|16|0|28
10|M|15 a 17 años|47|0|47|47|0|0|0|0|0
10|M|18 a 20 años|1648|0|1648|92|1609|0|0|0|0
10|M|21 a 24 años|5159|0|5159|125|5154|11|0|0|0
10|M|25 a 29 años|7544|0|7544|326|7542|40|7|0|0
10|M|30 a 34 años|9340|0|9340|960|9330|78|8|0|0
10|M|35 a 39 años|10143|0|10143|1131|10129|71|29|0|0
10|M|40 a 44 años|11090|0|11090|1548|11071|90|36|0|0
10|M|45 a 49 años|11789|0|11789|1818|11699|73|38|0|0
10|M|50 a 54 años|11743|0|11743|1605|11613|70|33|0|0
10|M|55 a 59 años|11393|1|11393|1151|11259|44|22|0|1
10|M|60 a 64 años|9513|1|9513|1021|9317|21|9|0|1
10|M|65 a 69 años|6102|0|6102|683|5912|11|4|0|0
10|M|70 a 74 años|3091|0|3091|261|2985|2|1|0|0
10|M|Más de 74 años|2052|0|2052|264|1890|0|0|0|0
10|V|15 a 17 años|294|0|294|294|0|0|0|0|0
10|V|18 a 20 años|2654|0|2654|581|2511|0|0|0|0
10|V|21 a 24 años|5742|0|5742|719|5714|153|4|0|0
10|V|25 a 29 años|8589|0|8589|1564|8578|540|48|0|0
10|V|30 a 34 años|9168|0|9168|3758|9126|820|99|0|0
10|V|35 a 39 años|10806|0|10806|4853|10765|1489|241|0|0
10|V|40 a 44 años|12437|0|12437|5825|12353|2041|391|0|0
10|V|45 a 49 años|13422|1|13422|6366|13162|2326|607|0|1
10|V|50 a 54 años|13853|1|13853|6023|13497|2266|973|0|1
10|V|55 a 59 años|14909|4|14909|6027|14457|2142|1030|0|4
10|V|60 a 64 años|14845|10|14845|7004|14258|1794|729|0|10
10|V|65 a 69 años|12104|15|12106|5809|11494|772|296|0|15
10|V|70 a 74 años|9119|19|9120|4488|8486|293|119|0|19
10|V|Más de 74 años|15268|31|15269|10380|10813|133|61|0|31
11|M|15 a 17 años|1265|0|1265|1265|0|0|0|0|0
11|M|18 a 20 años|6816|0|6816|1958|5669|1|0|0|0
11|M|21 a 24 años|16472|0|16472|2149|16112|22|1|0|0
11|M|25 a 29 años|24374|0|24374|3477|24228|99|14|0|0
11|M|30 a 34 años|29422|0|29422|8814|29204|132|40|0|0
11|M|35 a 39 años|33876|0|33876|12226|33514|135|68|0|0
11|M|40 a 44 años|39902|0|39902|17579|39168|230|85|0|0
11|M|45 a 49 años|43644|0|43644|19810|41914|239|81|0|0
11|M|50 a 54 años|38992|0|38992|16648|36667|184|56|0|0
11|M|55 a 59 años|33478|0|33478|10865|31484|143|37|0|0
11|M|60 a 64 años|24730|0|24730|7158|22926|67|12|0|0
11|M|65 a 69 años|16795|0|16795|3854|15590|28|3|0|0
11|M|70 a 74 años|9059|0|9059|1350|8440|15|1|0|0
11|M|Más de 74 años|6086|0|6086|1088|5509|3|0|0|0
11|V|15 a 17 años|2738|0|2738|2738|0|0|0|0|0
11|V|18 a 20 años|10299|0|10299|4685|8211|5|0|0|0
11|V|21 a 24 años|20120|0|20120|5711|19320|302|9|0|0
11|V|25 a 29 años|26371|0|26371|7877|26001|904|73|0|0
11|V|30 a 34 años|30836|0|30836|17421|30330|1531|206|0|0
11|V|35 a 39 años|35708|0|35708|23153|35217|2828|522|0|0
11|V|40 a 44 años|42847|0|42847|30216|41827|4337|889|0|0
11|V|45 a 49 años|49098|1|49098|34627|47017|5731|1451|0|1
11|V|50 a 54 años|47003|1|47004|32750|44137|5638|2056|0|1
11|V|55 a 59 años|44358|1|44358|30290|40867|4355|1866|0|1
11|V|60 a 64 años|37765|6|37765|27086|33907|3088|1297|0|6
11|V|65 a 69 años|30982|2|30982|22440|27620|1456|613|0|2
11|V|70 a 74 años|23175|9|23175|16226|20326|596|267|0|9
11|V|Más de 74 años|35059|9|35059|27950|22682|232|103|0|9
12|M|15 a 17 años|403|0|403|403|0|0|0|0|0
12|M|18 a 20 años|2733|0|2733|611|2367|0|0|0|0
12|M|21 a 24 años|7392|0|7392|645|7302|10|0|0|0
12|M|25 a 29 años|10428|0|10428|951|10388|37|3|0|0
12|M|30 a 34 años|12346|0|12346|2464|12293|64|7|0|0
12|M|35 a 39 años|14454|0|14454|3713|14402|110|31|0|0
12|M|40 a 44 años|18052|0|18052|5596|17896|112|36|0|0
12|M|45 a 49 años|21097|0|21097|8303|20701|136|53|0|0
12|M|50 a 54 años|18905|0|18905|7591|18468|112|45|0|0
12|M|55 a 59 años|17281|0|17281|6468|16789|85|44|0|0
12|M|60 a 64 años|14202|0|14202|4513|13706|42|15|0|0
12|M|65 a 69 años|10511|0|10511|2477|10055|25|1|0|0
12|M|70 a 74 años|6774|0|6774|1224|6333|5|0|0|0
12|M|Más de 74 años|5973|0|5973|2285|4446|4|0|0|0
12|V|15 a 17 años|872|0|872|872|0|0|0|0|0
12|V|18 a 20 años|4164|0|4164|1508|3557|1|0|0|0
12|V|21 a 24 años|9112|0|9112|2272|8918|120|0|0|0
12|V|25 a 29 años|12459|0|12459|3388|12381|484|22|0|0
12|V|30 a 34 años|13258|0|13258|6448|13129|837|69|0|0
12|V|35 a 39 años|15139|0|15139|8194|15035|1476|191|0|0
12|V|40 a 44 años|20286|0|20286|12252|20011|2500|421|0|0
12|V|45 a 49 años|24782|0|24782|15782|24246|3536|826|0|0
12|V|50 a 54 años|22774|0|22774|15088|22160|3232|1187|0|0
12|V|55 a 59 años|21201|1|21201|14519|20566|3017|1361|0|1
12|V|60 a 64 años|18009|1|18009|13369|17449|2134|872|0|1
12|V|65 a 69 años|14725|6|14725|11207|14198|821|292|0|6
12|V|70 a 74 años|12031|6|12031|9504|11421|300|105|0|6
12|V|Más de 74 años|20210|37|20210|17401|15985|141|52|0|37
13|M|15 a 17 años|130|0|130|130|0|0|0|0|0
13|M|18 a 20 años|1757|0|1757|197|1652|0|0|0|0
13|M|21 a 24 años|6149|0|6149|250|6111|20|0|0|0
13|M|25 a 29 años|9932|0|9932|440|9922|32|3|0|0
13|M|30 a 34 años|11670|0|11670|1540|11643|41|12|0|0
13|M|35 a 39 años|12864|0|12864|2205|12837|125|35|0|0
13|M|40 a 44 años|14811|0|14811|2959|14743|221|47|0|0
13|M|45 a 49 años|15355|0|15355|3160|15142|159|57|0|0
13|M|50 a 54 años|14711|0|14711|3106|14377|93|44|0|0
13|M|55 a 59 años|13551|0|13551|2258|13213|73|28|0|0
13|M|60 a 64 años|10568|0|10568|1460|10200|28|8|0|0
13|M|65 a 69 años|6404|0|6404|768|6133|10|4|0|0
13|M|70 a 74 años|3283|2|3283|365|3092|2|1|0|2
13|M|Más de 74 años|2130|1|2130|363|1900|1|0|0|1
13|V|15 a 17 años|558|31|581|558|0|0|0|0|31
13|V|18 a 20 años|3190|18|3205|895|2851|5|0|0|18
13|V|21 a 24 años|7358|1|7359|1183|7269|181|0|0|1
13|V|25 a 29 años|11622|4|11625|2486|11582|714|41|0|4
13|V|30 a 34 años|13114|0|13114|5963|13024|1123|84|0|0
13|V|35 a 39 años|13810|1|13810|6805|13719|1892|268|0|1
13|V|40 a 44 años|15515|0|15515|7971|15329|2375|427|0|0
13|V|45 a 49 años|17501|2|17503|9152|17084|2907|722|0|2
13|V|50 a 54 años|17157|7|17162|8878|16608|2973|1265|0|7
13|V|55 a 59 años|18074|9|18075|9551|17378|3123|1600|0|9
13|V|60 a 64 años|16749|24|16749|10180|15855|2572|1071|0|24
13|V|65 a 69 años|12817|33|12817|7963|11879|1020|433|0|33
13|V|70 a 74 años|9985|47|9985|6256|8936|421|182|0|47
13|V|Más de 74 años|20524|164|20524|16898|11874|171|67|0|164
14|M|15 a 17 años|428|1|429|428|0|0|0|0|1
14|M|18 a 20 años|3380|0|3380|704|2982|0|0|0|0
14|M|21 a 24 años|10150|0|10150|976|10005|18|0|0|0
14|M|25 a 29 años|15815|0|15815|1544|15769|66|11|0|0
14|M|30 a 34 años|19974|0|19974|3406|19900|123|22|0|0
14|M|35 a 39 años|20816|0|20816|3740|20754|201|58|0|0
14|M|40 a 44 años|22729|0|22729|5717|22549|261|95|0|0
14|M|45 a 49 años|24775|0|24775|6886|24270|236|89|0|0
14|M|50 a 54 años|23027|0|23027|6462|22368|167|68|0|0
14|M|55 a 59 años|21532|1|21532|4739|20829|110|40|0|1
14|M|60 a 64 años|16269|1|16269|3261|15586|60|8|0|1
14|M|65 a 69 años|10456|0|10456|1933|9909|32|5|0|0
14|M|70 a 74 años|4829|1|4829|664|4546|7|0|0|1
14|M|Más de 74 años|3110|1|3110|623|2755|1|0|0|1
14|V|15 a 17 años|1268|13|1278|1268|0|0|0|0|13
14|V|18 a 20 años|5857|1|5857|2125|5000|7|0|0|1
14|V|21 a 24 años|12422|0|12422|2804|12172|278|7|0|0
14|V|25 a 29 años|18110|0|18110|4900|17996|858|55|0|0
14|V|30 a 34 años|20117|0|20117|10218|19969|1458|121|0|0
14|V|35 a 39 años|22300|1|22301|12652|22166|2709|391|0|1
14|V|40 a 44 años|25105|0|25105|16084|24800|3747|668|0|0
14|V|45 a 49 años|27982|0|27982|18009|27269|4435|1166|0|0
14|V|50 a 54 años|27246|1|27246|17754|26270|4418|1793|0|1
14|V|55 a 59 años|28656|3|28657|18615|27329|4336|2056|1|2
14|V|60 a 64 años|25609|7|25609|18221|24292|3393|1409|0|7
14|V|65 a 69 años|20691|6|20691|15501|19437|1371|566|0|6
14|V|70 a 74 años|15211|8|15211|11134|13932|509|239|0|8
14|V|Más de 74 años|27024|19|27024|22768|17364|232|103|0|19
15|M|15 a 17 años|53|2|55|53|0|0|0|0|2
15|M|18 a 20 años|4137|0|4137|141|4106|1|0|0|0
15|M|21 a 24 años|12154|0|12154|209|12149|16|2|0|0
15|M|25 a 29 años|17925|0|17925|602|17914|64|21|0|0
15|M|30 a 34 años|26080|0|26080|2112|26052|298|58|0|0
15|M|35 a 39 años|32238|0|32238|2865|32203|517|138|0|0
15|M|40 a 44 años|38101|0|38101|4142|38012|448|197|0|0
15|M|45 a 49 años|43804|1|43804|6819|43544|406|188|0|1
15|M|50 a 54 años|39622|0|39622|6241|39312|296|184|0|0
15|M|55 a 59 años|36238|4|36238|3822|35901|192|109|0|4
15|M|60 a 64 años|30441|8|30441|2578|30102|123|66|0|8
15|M|65 a 69 años|24339|20|24340|1841|23956|45|13|0|20
15|M|70 a 74 años|17048|30|17050|1339|16628|29|8|0|30
15|M|Más de 74 años|14166|38|14166|1769|13195|11|4|0|38
15|V|15 a 17 años|416|43|449|416|0|0|0|0|43
15|V|18 a 20 años|6005|7|6011|957|5825|5|0|0|7
15|V|21 a 24 años|13619|0|13619|1505|13580|205|3|0|0
15|V|25 a 29 años|19184|0|19184|3325|19143|739|83|0|0
15|V|30 a 34 años|19129|2|19131|6921|19033|1333|225|0|2
15|V|35 a 39 años|23156|2|23157|9862|23005|2422|509|0|2
15|V|40 a 44 años|35821|0|35821|16806|35494|4553|1010|0|0
15|V|45 a 49 años|44104|3|44105|22326|43165|6137|1838|0|3
15|V|50 a 54 años|41010|6|41012|20001|39977|6189|3137|1|5
15|V|55 a 59 años|38092|7|38092|16779|37044|5770|3159|0|7
15|V|60 a 64 años|35171|27|35172|16114|33868|4730|2261|0|27
15|V|65 a 69 años|31043|39|31044|14204|29608|2442|1063|0|39
15|V|70 a 74 años|26297|61|26299|11290|24781|1056|438|0|61
15|V|Más de 74 años|46029|258|46035|24287|37234|629|258|0|258
16|M|15 a 17 años|51|0|51|51|0|0|0|0|0
16|M|18 a 20 años|1143|0|1143|88|1117|0|0|0|0
16|M|21 a 24 años|2917|0|2917|120|2916|9|1|0|0
16|M|25 a 29 años|4123|0|4123|238|4122|22|1|0|0
16|M|30 a 34 años|4638|0|4638|686|4635|36|4|0|0
16|M|35 a 39 años|4897|0|4897|744|4888|48|7|0|0
16|M|40 a 44 años|5268|0|5268|713|5259|57|17|0|0
16|M|45 a 49 años|5811|0|5811|1008|5762|63|21|0|0
16|M|50 a 54 años|5701|0|5701|855|5655|53|22|0|0
16|M|55 a 59 años|5604|0|5604|642|5518|27|13|0|0
16|M|60 a 64 años|4606|0|4606|587|4480|10|7|0|0
16|M|65 a 69 años|2631|1|2631|273|2545|3|1|0|1
16|M|70 a 74 años|1317|0|1317|158|1241|2|0|0|0
16|M|Más de 74 años|874|0|874|206|738|2|1|0|0
16|V|15 a 17 años|185|12|193|185|0|0|0|0|12
16|V|18 a 20 años|1574|6|1580|364|1516|4|0|0|6
16|V|21 a 24 años|3572|0|3572|634|3561|157|0|0|0
16|V|25 a 29 años|4746|0|4746|1203|4737|394|22|0|0
16|V|30 a 34 años|5231|0|5231|2503|5225|637|52|0|0
16|V|35 a 39 años|5391|0|5391|2680|5374|1011|139|0|0
16|V|40 a 44 años|6189|1|6190|2767|6157|1383|281|0|1
16|V|45 a 49 años|6814|0|6814|3148|6740|1551|405|0|0
16|V|50 a 54 años|6893|1|6893|2905|6792|1515|669|0|1
16|V|55 a 59 años|7459|4|7459|3175|7338|1582|866|0|4
16|V|60 a 64 años|7245|10|7245|3904|7067|1266|528|0|10
16|V|65 a 69 años|5474|15|5474|3396|5253|491|199|0|15
16|V|70 a 74 años|4257|26|4257|3056|4000|184|86|0|26
16|V|Más de 74 años|9805|119|9805|8512|6146|97|34|0|119
17|M|15 a 17 años|529|1|529|529|0|0|0|0|1
17|M|18 a 20 años|3196|1|3197|1107|2690|0|0|0|1
17|M|21 a 24 años|9401|1|9402|1544|9213|17|0|0|1
17|M|25 a 29 años|14201|0|14201|2766|14121|68|2|0|0
17|M|30 a 34 años|15570|0|15570|5411|15457|78|10|0|0
17|M|35 a 39 años|17785|0|17785|6575|17597|123|39|0|0
17|M|40 a 44 años|22731|0|22731|9441|22413|219|72|0|0
17|M|45 a 49 años|25463|0|25463|12138|24910|182|68|0|0
17|M|50 a 54 años|22996|0|22996|10940|22429|169|70|0|0
17|M|55 a 59 años|21362|0|21362|8554|20861|141|62|0|0
17|M|60 a 64 años|18737|0|18737|6935|18267|90|34|0|0
17|M|65 a 69 años|15689|0|15689|4527|15241|48|20|0|0
17|M|70 a 74 años|11286|0|11286|3076|10780|14|3|0|0
17|M|Más de 74 años|12367|0|12367|4858|10366|6|3|0|0
17|V|15 a 17 años|1210|32|1231|1210|0|0|0|0|32
17|V|18 a 20 años|5000|12|5008|2226|4200|1|0|0|12
17|V|21 a 24 años|10890|3|10893|3016|10589|162|4|0|3
17|V|25 a 29 años|14832|1|14833|5010|14656|501|24|0|1
17|V|30 a 34 años|17310|0|17310|9233|17073|979|103|0|0
17|V|35 a 39 años|19489|1|19490|10972|19221|1613|292|0|1
17|V|40 a 44 años|24526|0|24526|14658|23978|2555|596|0|0
17|V|45 a 49 años|30518|1|30518|19344|29688|3666|978|0|1
17|V|50 a 54 años|28195|1|28195|18691|27393|3742|1482|0|1
17|V|55 a 59 años|25879|2|25880|17035|25147|3629|1666|0|2
17|V|60 a 64 años|22382|0|22382|15593|21734|2762|1172|0|0
17|V|65 a 69 años|18982|0|18982|12956|18377|1317|581|0|0
17|V|70 a 74 años|15121|1|15121|10345|14484|500|226|0|1
17|V|Más de 74 años|24017|6|24017|19716|20254|280|113|0|6
18|M|15 a 17 años|422|0|422|422|0|0|0|0|0
18|M|18 a 20 años|3649|0|3649|941|3133|0|0|0|0
18|M|21 a 24 años|12096|0|12096|1152|11899|36|0|0|0
18|M|25 a 29 años|19284|0|19284|1770|19202|150|20|0|0
18|M|30 a 34 años|23067|0|23067|4961|22913|191|38|0|0
18|M|35 a 39 años|24673|0|24673|6088|24466|218|87|0|0
18|M|40 a 44 años|28026|0|28026|8651|27692|254|112|0|0
18|M|45 a 49 años|30260|0|30260|10114|29523|369|134|0|0
18|M|50 a 54 años|27680|0|27680|9065|26756|321|117|0|0
18|M|55 a 59 años|26325|1|26325|6465|25470|281|82|0|1
18|M|60 a 64 años|19859|1|19859|3789|19212|195|35|0|1
18|M|65 a 69 años|13153|0|13153|1940|12723|90|10|0|0
18|M|70 a 74 años|6907|1|6907|868|6667|25|1|0|1
18|M|Más de 74 años|4283|0|4283|724|4012|4|1|0|0
18|V|15 a 17 años|1571|8|1575|1571|0|0|0|0|8
18|V|18 a 20 años|6520|1|6520|2698|5281|6|1|0|1
18|V|21 a 24 años|14282|2|14283|3659|13798|337|12|0|2
18|V|25 a 29 años|21336|0|21336|5817|21135|1074|112|0|0
18|V|30 a 34 años|24098|0|24098|12509|23798|1798|280|0|0
18|V|35 a 39 años|26542|0|26542|15563|26232|3036|673|0|0
18|V|40 a 44 años|30906|0|30906|19110|30348|4224|1088|0|0
18|V|45 a 49 años|34313|0|34313|21857|33324|5304|1793|0|0
18|V|50 a 54 años|32627|2|32629|21371|31419|5564|2752|0|2
18|V|55 a 59 años|33049|4|33049|21604|31552|5013|2741|0|4
18|V|60 a 64 años|28569|4|28569|19287|27034|3606|1763|0|4
18|V|65 a 69 años|23486|10|23486|15637|22074|1657|778|0|10
18|V|70 a 74 años|17431|9|17431|11111|16206|594|273|0|9
18|V|Más de 74 años|28561|35|28561|22264|19836|285|134|0|35
19|M|15 a 17 años|33|0|33|33|0|0|0|0|0
19|M|18 a 20 años|1337|0|1337|59|1324|0|0|0|0
19|M|21 a 24 años|3688|0|3688|103|3685|18|0|0|0
19|M|25 a 29 años|5054|0|5054|283|5047|29|7|0|0
19|M|30 a 34 años|6075|0|6075|765|6066|54|10|0|0
19|M|35 a 39 años|8173|0|8173|1374|8152|161|47|0|0
19|M|40 a 44 años|9881|0|9881|1438|9853|176|71|0|0
19|M|45 a 49 años|10695|0|10695|2000|10621|131|44|0|0
19|M|50 a 54 años|8870|0|8870|1493|8772|99|44|0|0
19|M|55 a 59 años|7439|0|7439|834|7370|44|21|0|0
19|M|60 a 64 años|5588|0|5588|575|5502|17|11|0|0
19|M|65 a 69 años|3598|0|3598|353|3522|8|4|0|0
19|M|70 a 74 años|1884|0|1884|107|1840|5|2|0|0
19|M|Más de 74 años|1124|0|1124|131|1065|2|2|0|0
19|V|15 a 17 años|137|3|139|137|0|0|0|0|3
19|V|18 a 20 años|1978|2|1980|330|1912|2|0|0|2
19|V|21 a 24 años|4144|0|4144|476|4128|82|2|0|0
19|V|25 a 29 años|5262|0|5262|957|5249|245|21|0|0
19|V|30 a 34 años|5839|0|5839|2172|5807|391|60|0|0
19|V|35 a 39 años|6518|0|6518|2646|6484|716|180|0|0
19|V|40 a 44 años|9344|0|9344|4043|9283|1339|328|0|0
19|V|45 a 49 años|11545|0|11545|5282|11436|1885|567|0|0
19|V|50 a 54 años|10751|1|10751|4937|10589|1835|773|0|1
19|V|55 a 59 años|9632|0|9632|3985|9491|1563|853|0|0
19|V|60 a 64 años|8016|3|8016|3757|7876|1257|596|0|3
19|V|65 a 69 años|6178|6|6178|2756|6034|514|233|0|6
19|V|70 a 74 años|4378|5|4378|1915|4253|175|91|0|5
19|V|Más de 74 años|6763|30|6764|4526|5694|85|30|0|30
20|M|15 a 17 años|208|0|208|208|0|0|0|0|0
20|M|18 a 20 años|2598|0|2598|605|2299|0|0|0|0
20|M|21 a 24 años|8258|0|8258|839|8142|13|3|0|0
20|M|25 a 29 años|11797|0|11797|1039|11747|33|12|0|0
20|M|30 a 34 años|12613|0|12613|1601|12545|44|35|0|0
20|M|35 a 39 años|14612|0|14612|2264|14533|66|70|0|0
20|M|40 a 44 años|18778|0|18778|3293|18665|114|143|0|0
20|M|45 a 49 años|23646|0|23646|4265|23380|132|151|0|0
20|M|50 a 54 años|21987|0|21987|3833|21673|170|177|0|0
20|M|55 a 59 años|20212|0|20212|2751|19938|154|129|0|0
20|M|60 a 64 años|17230|0|17230|1939|16996|73|60|0|0
20|M|65 a 69 años|13562|1|13562|1332|13382|20|16|0|1
20|M|70 a 74 años|8680|0|8680|841|8487|9|4|0|0
20|M|Más de 74 años|6704|0|6704|1070|6341|0|0|0|0
20|V|15 a 17 años|468|1|469|468|0|0|0|0|1
20|V|18 a 20 años|4149|1|4149|1326|3725|3|0|0|1
20|V|21 a 24 años|10298|0|10298|2256|10140|134|7|0|0
20|V|25 a 29 años|14052|0|14052|3350|13948|393|89|0|0
20|V|30 a 34 años|14539|0|14539|4639|14459|694|241|0|0
20|V|35 a 39 años|17054|0|17054|6184|16953|1115|425|0|0
20|V|40 a 44 años|21882|1|21883|8821|21730|1797|661|0|1
20|V|45 a 49 años|28291|1|28291|11593|27905|2751|1194|0|1
20|V|50 a 54 años|27192|0|27192|12035|26678|3520|2023|0|0
20|V|55 a 59 años|25180|0|25180|10340|24731|3625|2103|0|0
20|V|60 a 64 años|22229|0|22229|9695|21782|2848|1488|0|0
20|V|65 a 69 años|19280|1|19281|8427|18773|1121|563|0|1
20|V|70 a 74 años|16014|1|16014|6904|15490|359|187|0|1
20|V|Más de 74 años|23355|3|23355|13958|20572|124|53|0|3
21|M|15 a 17 años|47|0|47|47|0|0|0|0|0
21|M|18 a 20 años|1925|0|1925|123|1870|1|0|0|0
21|M|21 a 24 años|6452|0|6452|168|6440|15|0|0|0
21|M|25 a 29 años|9737|0|9737|336|9722|51|3|0|0
21|M|30 a 34 años|11736|0|11736|1485|11712|72|9|0|0
21|M|35 a 39 años|13723|0|13723|2144|13689|97|22|0|0
21|M|40 a 44 años|16205|0|16205|3425|16124|117|26|0|0
21|M|45 a 49 años|17341|0|17341|4201|17047|129|39|0|0
21|M|50 a 54 años|15080|0|15080|3420|14688|106|41|0|0
21|M|55 a 59 años|12633|0|12633|2041|12335|86|26|0|0
21|M|60 a 64 años|8935|0|8935|1161|8707|55|8|0|0
21|M|65 a 69 años|5931|0|5931|632|5763|22|2|0|0
21|M|70 a 74 años|2962|0|2962|224|2881|13|3|0|0
21|M|Más de 74 años|1791|0|1791|182|1707|3|0|0|0
21|V|15 a 17 años|504|2|506|504|0|0|0|0|2
21|V|18 a 20 años|3509|0|3509|879|3163|1|0|0|0
21|V|21 a 24 años|7795|0|7795|998|7701|184|2|0|0
21|V|25 a 29 años|11402|0|11402|1950|11361|594|32|0|0
21|V|30 a 34 años|13421|0|13421|5229|13322|1045|84|0|0
21|V|35 a 39 años|15200|0|15200|7323|15105|1692|216|0|0
21|V|40 a 44 años|18531|0|18531|10027|18297|2547|491|0|0
21|V|45 a 49 años|20894|0|20894|11567|20340|3007|702|0|0
21|V|50 a 54 años|19207|0|19207|10578|18426|2753|976|0|0
21|V|55 a 59 años|17694|2|17694|9284|16719|2159|915|0|2
21|V|60 a 64 años|14852|6|14852|8439|13839|1471|595|1|5
21|V|65 a 69 años|12181|5|12181|7315|11237|664|282|0|5
21|V|70 a 74 años|9378|4|9378|5693|8512|297|121|0|4
21|V|Más de 74 años|14436|25|14436|10853|9939|131|52|0|25
21|V|Se desconoce|1|0|1|1|1|0|0|0|0
22|M|15 a 17 años|167|0|167|167|0|0|0|0|0
22|M|18 a 20 años|875|0|875|193|796|0|0|0|0
22|M|21 a 24 años|2611|0|2611|180|2604|7|0|0|0
22|M|25 a 29 años|3662|0|3662|327|3657|11|0|0|0
22|M|30 a 34 años|4254|0|4254|703|4245|25|4|0|0
22|M|35 a 39 años|5103|0|5103|912|5091|42|13|0|0
22|M|40 a 44 años|5995|0|5995|1234|5973|59|18|0|0
22|M|45 a 49 años|6991|0|6991|1503|6938|105|27|0|0
22|M|50 a 54 años|6603|0|6603|1329|6542|43|23|0|0
22|M|55 a 59 años|6361|0|6361|1011|6273|22|17|0|0
22|M|60 a 64 años|5727|0|5727|794|5637|10|4|0|0
22|M|65 a 69 años|4332|0|4332|445|4257|4|2|0|0
22|M|70 a 74 años|2631|1|2632|302|2521|1|0|1|0
22|M|Más de 74 años|2135|0|2135|577|1762|0|0|0|0
22|V|15 a 17 años|379|13|385|379|0|0|0|0|13
22|V|18 a 20 años|1511|8|1517|568|1356|0|0|0|8
22|V|21 a 24 años|3261|1|3262|732|3232|59|1|0|1
22|V|25 a 29 años|4737|0|4737|1262|4721|271|9|0|0
22|V|30 a 34 años|4998|1|4999|2248|4974|451|39|0|1
22|V|35 a 39 años|5781|0|5781|2811|5765|818|92|0|0
22|V|40 a 44 años|7269|0|7269|3523|7211|1162|183|0|0
22|V|45 a 49 años|8558|1|8559|4202|8446|1472|364|0|1
22|V|50 a 54 años|8169|0|8169|4079|8055|1451|599|0|0
22|V|55 a 59 años|7993|2|7994|3937|7864|1261|646|0|2
22|V|60 a 64 años|7423|1|7423|4140|7291|1104|470|0|1
22|V|65 a 69 años|6335|0|6335|3645|6195|400|166|0|0
22|V|70 a 74 años|5052|5|5052|3257|4886|112|41|0|5
22|V|Más de 74 años|9653|17|9654|8071|7344|37|12|0|17
23|M|15 a 17 años|115|0|115|115|0|0|0|0|0
23|M|18 a 20 años|2816|0|2816|284|2723|0|0|0|0
23|M|21 a 24 años|9083|0|9083|403|9050|25|0|0|0
23|M|25 a 29 años|14753|0|14753|886|14729|72|10|0|0
23|M|30 a 34 años|17444|0|17444|2369|17415|158|19|0|0
23|M|35 a 39 años|17215|0|17215|2884|17156|202|56|0|0
23|M|40 a 44 años|17654|0|17654|3440|17518|162|60|0|0
23|M|45 a 49 años|18125|0|18125|3956|17799|153|58|0|0
23|M|50 a 54 años|17185|0|17185|3526|16724|99|38|0|0
23|M|55 a 59 años|16108|0|16108|2457|15631|57|28|0|0
23|M|60 a 64 años|12070|0|12070|1463|11697|31|11|0|0
23|M|65 a 69 años|7203|0|7203|696|6979|12|5|0|0
23|M|70 a 74 años|3344|0|3344|254|3224|4|2|0|0
23|M|Más de 74 años|1955|0|1955|237|1816|0|0|0|0
23|V|15 a 17 años|845|6|850|845|0|0|0|0|6
23|V|18 a 20 años|5109|1|5110|1410|4672|8|0|0|1
23|V|21 a 24 años|10711|1|10711|2160|10579|305|3|0|1
23|V|25 a 29 años|15265|0|15265|3733|15194|900|52|0|0
23|V|30 a 34 años|16805|0|16805|8190|16709|1500|148|0|0
23|V|35 a 39 años|17262|0|17262|9116|17162|2282|355|0|0
23|V|40 a 44 años|19901|0|19901|11237|19681|3167|609|0|0
23|V|45 a 49 años|21708|0|21708|12474|21184|3729|973|0|0
23|V|50 a 54 años|22349|1|22349|12550|21548|3675|1530|0|1
23|V|55 a 59 años|23565|5|23565|12489|22531|3409|1629|0|5
23|V|60 a 64 años|21486|9|21486|12389|20294|2733|1164|0|9
23|V|65 a 69 años|16895|5|16895|9976|15738|1145|519|0|5
23|V|70 a 74 años|12120|12|12120|7197|10915|350|173|0|12
23|V|Más de 74 años|20818|32|20818|16109|13115|158|69|0|32
24|M|15 a 17 años|36|0|36|36|0|0|0|0|0
24|M|18 a 20 años|1679|0|1679|89|1660|0|0|0|0
24|M|21 a 24 años|5137|0|5137|113|5136|13|0|0|0
24|M|25 a 29 años|6981|0|6981|257|6975|21|7|0|0
24|M|30 a 34 años|8380|0|8380|637|8367|45|10|0|0
24|M|35 a 39 años|10353|0|10353|1083|10334|76|33|0|0
24|M|40 a 44 años|12824|0|12824|1415|12794|143|71|0|0
24|M|45 a 49 años|14656|0|14656|2027|14591|141|99|0|0
24|M|50 a 54 años|14370|0|14370|1950|14257|73|71|0|0
24|M|55 a 59 años|14428|2|14428|1546|14287|63|48|0|2
24|M|60 a 64 años|13074|0|13074|1247|12895|43|27|0|0
24|M|65 a 69 años|9566|0|9566|832|9344|8|4|0|0
24|M|70 a 74 años|5913|0|5913|513|5676|10|6|0|0
24|M|Más de 74 años|5068|1|5068|1097|4276|1|0|0|1
24|V|15 a 17 años|201|2|203|201|0|0|0|0|2
24|V|18 a 20 años|2544|2|2546|380|2496|1|0|0|2
24|V|21 a 24 años|5233|1|5234|666|5221|113|1|0|1
24|V|25 a 29 años|8033|0|8033|1409|8019|393|29|0|0
24|V|30 a 34 años|9328|0|9328|3180|9308|760|83|0|0
24|V|35 a 39 años|11578|0|11578|4519|11537|1502|225|0|0
24|V|40 a 44 años|14155|0|14155|5983|14057|2289|488|0|0
24|V|45 a 49 años|16002|0|16002|7226|15793|2724|749|0|0
24|V|50 a 54 años|16387|1|16387|7015|16158|2985|1423|0|1
24|V|55 a 59 años|17022|3|17023|6603|16740|2971|1637|0|3
24|V|60 a 64 años|17045|3|17046|6795|16740|2930|1317|0|3
24|V|65 a 69 años|15331|6|15331|5656|14942|1382|545|0|6
24|V|70 a 74 años|11774|8|11774|4603|11370|576|223|0|8
24|V|Más de 74 años|21707|56|21707|13667|17047|400|156|0|56
25|M|15 a 17 años|86|1|87|86|0|0|0|0|1
25|M|18 a 20 años|1808|1|1809|194|1743|1|0|0|1
25|M|21 a 24 años|5505|0|5505|265|5497|15|0|0|0
25|M|25 a 29 años|7726|1|7727|542|7715|54|5|0|1
25|M|30 a 34 años|8556|0|8556|1505|8534|78|11|0|0
25|M|35 a 39 años|9573|0|9573|1785|9550|87|19|0|0
25|M|40 a 44 años|11641|0|11641|2542|11572|149|44|0|0
25|M|45 a 49 años|13604|0|13604|3311|13463|136|39|0|0
25|M|50 a 54 años|12091|0|12091|2804|11885|90|34|0|0
25|M|55 a 59 años|11541|0|11541|2373|11374|69|38|0|0
25|M|60 a 64 años|10159|0|10159|1796|9965|24|15|0|0
25|M|65 a 69 años|7517|0|7517|1072|7343|17|7|0|0
25|M|70 a 74 años|5105|1|5106|627|4890|2|0|0|1
25|M|Más de 74 años|4508|2|4508|1253|3784|2|0|0|2
25|V|15 a 17 años|506|48|533|506|0|0|0|0|48
25|V|18 a 20 años|3187|19|3200|863|3009|1|0|0|19
25|V|21 a 24 años|6703|3|6705|1225|6656|178|2|0|3
25|V|25 a 29 años|8939|2|8941|2162|8918|597|33|0|2
25|V|30 a 34 años|9681|0|9681|4239|9636|966|96|0|0
25|V|35 a 39 años|11228|1|11228|5256|11169|1606|308|0|1
25|V|40 a 44 años|14002|3|14004|6609|13857|2341|597|0|3
25|V|45 a 49 años|17460|1|17461|8954|17180|2987|870|0|1
25|V|50 a 54 años|16087|0|16087|8385|15771|2868|1236|0|0
25|V|55 a 59 años|15210|3|15211|8309|14893|2740|1365|0|3
25|V|60 a 64 años|13425|1|13425|7933|13056|2212|975|0|1
25|V|65 a 69 años|10829|4|10829|6568|10520|872|376|0|4
25|V|70 a 74 años|8523|1|8523|5517|8239|259|123|0|1
25|V|Más de 74 años|15153|5|15153|12786|11985|135|42|0|5
26|M|15 a 17 años|70|0|70|70|0|0|0|0|0
26|M|18 a 20 años|1003|0|1003|133|941|0|0|0|0
26|M|21 a 24 años|3258|0|3258|108|3248|3|0|0|0
26|M|25 a 29 años|5291|0|5291|247|5285|10|4|0|0
26|M|30 a 34 años|6045|0|6045|632|6033|21|10|0|0
26|M|35 a 39 años|7224|0|7224|934|7196|35|16|0|0
26|M|40 a 44 años|8999|0|8999|1130|8959|49|22|0|0
26|M|45 a 49 años|10710|0|10710|1882|10603|70|29|0|0
26|M|50 a 54 años|9383|0|9383|1759|9248|29|24|0|0
26|M|55 a 59 años|8589|1|8589|1297|8439|31|17|0|1
26|M|60 a 64 años|7156|0|7156|830|7026|13|9|0|0
26|M|65 a 69 años|5193|0|5193|494|5071|3|2|0|0
26|M|70 a 74 años|2723|0|2723|330|2577|2|0|0|0
26|M|Más de 74 años|1915|0|1915|491|1574|0|0|0|0
26|V|15 a 17 años|315|4|318|315|0|0|0|0|4
26|V|18 a 20 años|1883|3|1886|597|1702|1|0|0|3
26|V|21 a 24 años|4369|1|4370|655|4330|70|2|0|1
26|V|25 a 29 años|6257|0|6257|1225|6235|213|25|0|0
26|V|30 a 34 años|6998|0|6998|2517|6942|417|64|0|0
26|V|35 a 39 años|8218|0|8218|3248|8179|722|152|0|0
26|V|40 a 44 años|10680|0|10680|4417|10596|1268|318|0|0
26|V|45 a 49 años|12929|1|12929|5518|12771|1618|450|0|1
26|V|50 a 54 años|12278|0|12278|5427|12081|1805|776|0|0
26|V|55 a 59 años|11113|1|11113|4678|10949|1477|723|0|1
26|V|60 a 64 años|10320|3|10320|4996|10135|1236|556|0|3
26|V|65 a 69 años|8575|3|8575|4269|8409|469|190|0|3
26|V|70 a 74 años|6884|4|6884|4020|6684|152|63|0|4
26|V|Más de 74 años|10820|26|10822|8181|8608|42|13|0|26
27|M|15 a 17 años|32|0|32|32|0|0|0|0|0
27|M|18 a 20 años|1158|1|1159|97|1146|0|0|0|1
27|M|21 a 24 años|3450|0|3450|170|3449|22|0|0|0
27|M|25 a 29 años|5022|0|5022|262|5017|40|9|0|0
27|M|30 a 34 años|6516|0|6516|706|6507|90|22|0|0
27|M|35 a 39 años|9036|0|9036|1266|9029|303|58|0|0
27|M|40 a 44 años|11112|0|11112|1649|11086|386|105|0|0
27|M|45 a 49 años|11135|1|11135|1906|11070|183|86|0|1
27|M|50 a 54 años|10604|1|10605|1779|10528|147|76|0|1
27|M|55 a 59 años|10646|1|10646|1494|10544|97|53|0|1
27|M|60 a 64 años|9588|3|9589|1257|9435|60|21|0|3
27|M|65 a 69 años|7738|15|7738|1029|7506|29|9|0|15
27|M|70 a 74 años|5149|17|5149|819|4830|11|2|0|17
27|M|Más de 74 años|5514|22|5514|1795|4274|3|2|0|22
27|V|15 a 17 años|128|20|148|128|0|0|0|0|20
27|V|18 a 20 años|1823|5|1827|371|1781|0|0|0|5
27|V|21 a 24 años|3547|0|3547|547|3542|132|2|0|0
27|V|25 a 29 años|5231|0|5231|1289|5219|440|25|0|0
27|V|30 a 34 años|6772|0|6772|2717|6754|896|88|0|0
27|V|35 a 39 años|7151|1|7151|3357|7116|1382|183|0|1
27|V|40 a 44 años|9042|1|9043|4809|8980|2076|380|0|1
27|V|45 a 49 años|11325|6|11325|6105|11152|2708|693|0|6
27|V|50 a 54 años|10930|2|10931|5678|10725|2488|983|0|2
27|V|55 a 59 años|11479|10|11480|5668|11192|2623|1187|0|10
27|V|60 a 64 años|11510|6|11510|6056|11173|2389|997|0|6
27|V|65 a 69 años|10597|20|10597|5718|10154|1364|530|0|20
27|V|70 a 74 años|8840|34|8841|4758|8344|575|214|0|34
27|V|Más de 74 años|18217|196|18223|12524|13540|299|122|0|196
28|M|15 a 17 años|873|0|873|873|0|0|0|0|0
28|M|18 a 20 años|23635|0|23635|1463|23040|1|0|0|0
28|M|21 a 24 años|71322|1|71323|1799|71181|71|12|0|1
28|M|25 a 29 años|111860|0|111860|4360|111704|228|106|0|0
28|M|30 a 34 años|143328|0|143328|12455|143069|447|297|0|0
28|M|35 a 39 años|169770|0|169770|17217|169530|983|656|0|0
28|M|40 a 44 años|199256|0|199256|21322|198858|1217|878|0|0
28|M|45 a 49 años|228280|0|228280|30504|227056|1258|958|0|0
28|M|50 a 54 años|201612|0|201612|28542|199918|966|817|0|0
28|M|55 a 59 años|171782|1|171783|20243|170339|676|541|0|1
28|M|60 a 64 años|132485|0|132485|13246|131342|361|246|0|0
28|M|65 a 69 años|96416|0|96416|7265|95477|111|57|0|0
28|M|70 a 74 años|59998|0|59998|2826|59397|33|18|0|0
28|M|Más de 74 años|48483|0|48483|5805|47633|25|7|0|0
28|V|15 a 17 años|1947|5|1951|1947|0|0|0|0|5
28|V|18 a 20 años|34516|1|34517|4045|33471|31|0|0|1
28|V|21 a 24 años|86637|0|86637|7283|86272|840|61|0|0
28|V|25 a 29 años|127720|0|127720|18988|127035|2566|835|0|0
28|V|30 a 34 años|153773|0|153773|41837|152874|4488|1901|0|0
28|V|35 a 39 años|173709|1|173710|54022|172895|8944|3893|0|1
28|V|40 a 44 años|216680|0|216680|73232|215418|15276|6584|0|0
28|V|45 a 49 años|259835|1|259836|93882|256416|22539|9686|0|1
28|V|50 a 54 años|241714|1|241714|89490|237745|23670|11587|0|1
28|V|55 a 59 años|213280|4|213280|74538|209801|21198|11183|0|4
28|V|60 a 64 años|175722|5|175723|63833|172666|17126|8101|0|5
28|V|65 a 69 años|137722|7|137722|46560|135127|7711|3694|0|7
28|V|70 a 74 años|109900|10|109900|32338|107939|3391|1865|0|10
28|V|Más de 74 años|159111|32|159111|73949|149777|2252|1000|0|32
29|M|15 a 17 años|644|0|644|644|0|0|0|0|0
29|M|18 a 20 años|8272|0|8272|1192|7669|0|0|0|0
29|M|21 a 24 años|21037|0|21037|1459|20820|18|1|0|0
29|M|25 a 29 años|29755|0|29755|2510|29627|35|22|0|0
29|M|30 a 34 años|37087|0|37087|8353|36804|74|50|0|0
29|M|35 a 39 años|45078|0|45078|11776|44726|249|136|0|0
29|M|40 a 44 años|55126|0|55126|16802|54461|509|253|0|0
29|M|45 a 49 años|58109|0|58109|19314|56749|640|174|0|0
29|M|50 a 54 años|51967|1|51967|17849|50151|717|138|0|1
29|M|55 a 59 años|45054|0|45054|12809|43385|795|85|0|0
29|M|60 a 64 años|33840|1|33840|8301|32594|711|41|0|1
29|M|65 a 69 años|23540|0|23540|4697|22793|421|18|0|0
29|M|70 a 74 años|13999|0|13999|2151|13692|101|6|0|0
29|M|Más de 74 años|10757|0|10757|2117|10462|41|5|0|0
29|V|15 a 17 años|2032|1|2033|2032|0|0|0|0|1
29|V|18 a 20 años|12884|5|12885|3913|11404|3|0|0|5
29|V|21 a 24 años|25889|0|25889|5482|25269|300|4|0|0
29|V|25 a 29 años|34795|1|34796|8951|34432|973|134|0|1
29|V|30 a 34 años|40246|0|40246|19553|39692|1809|358|0|0
29|V|35 a 39 años|45901|0|45901|25632|45370|3724|872|0|0
29|V|40 a 44 años|56171|0|56171|33092|55222|5849|1595|0|0
29|V|45 a 49 años|64400|1|64400|38922|62433|7953|2431|0|1
29|V|50 a 54 años|61188|3|61189|38766|58574|8194|3057|0|3
29|V|55 a 59 años|56695|4|56695|35643|53717|7391|3077|0|4
29|V|60 a 64 años|47304|13|47305|30151|44518|5939|2172|0|13
29|V|65 a 69 años|37940|9|37940|23195|35606|2830|959|0|9
29|V|70 a 74 años|29732|13|29732|17515|27686|1114|448|0|13
29|V|Más de 74 años|42300|19|42300|28999|33677|631|268|0|19
30|M|15 a 17 años|534|1|535|534|0|0|0|0|1
30|M|18 a 20 años|7784|0|7784|945|7333|2|0|0|0
30|M|21 a 24 años|21820|0|21820|1058|21685|51|0|0|0
30|M|25 a 29 años|30417|0|30417|1787|30375|138|9|0|0
30|M|30 a 34 años|36235|0|36235|6274|36128|203|26|0|0
30|M|35 a 39 años|39762|0|39762|9118|39589|371|75|0|0
30|M|40 a 44 años|46781|0|46781|14345|46297|445|139|0|0
30|M|45 a 49 años|50661|0|50661|17547|49582|475|186|0|0
30|M|50 a 54 años|45779|0|45779|15828|44405|530|146|0|0
30|M|55 a 59 años|41846|0|41846|12363|40312|536|107|0|0
30|M|60 a 64 años|32078|0|32078|8189|30646|497|55|0|0
30|M|65 a 69 años|22703|0|22703|4619|21547|296|12|0|0
30|M|70 a 74 años|13749|0|13749|2933|12637|79|2|0|0
30|M|Más de 74 años|11389|0|11389|3956|8734|27|2|0|0
30|V|15 a 17 años|2390|2|2392|2390|0|0|0|0|2
30|V|18 a 20 años|13037|4|13038|4180|11556|27|0|0|4
30|V|21 a 24 años|26192|0|26192|5685|25712|599|3|0|0
30|V|25 a 29 años|35351|0|35351|8058|35114|1882|91|0|0
30|V|30 a 34 años|37161|0|37161|17454|36815|2853|235|0|0
30|V|35 a 39 años|40948|0|40948|22579|40579|4642|581|0|0
30|V|40 a 44 años|53967|1|53968|31794|53084|7604|1202|1|0
30|V|45 a 49 años|62569|1|62569|37413|60804|9687|2441|0|1
30|V|50 a 54 años|56951|1|56951|36175|54913|9524|3886|0|1
30|V|55 a 59 años|52232|2|52232|34876|50150|8223|3961|0|2
30|V|60 a 64 años|42672|4|42672|31389|40761|6433|2528|0|4
30|V|65 a 69 años|33460|1|33460|25679|31697|2978|1109|0|1
30|V|70 a 74 años|25784|8|25784|20477|23976|1095|368|0|8
30|V|Más de 74 años|42538|17|42538|36467|31533|495|146|0|17
31|M|15 a 17 años|124|0|124|124|0|0|0|0|0
31|M|18 a 20 años|2908|0|2908|254|2816|0|0|0|0
31|M|21 a 24 años|9237|0|9237|246|9226|18|0|0|0
31|M|25 a 29 años|12525|0|12525|660|12506|27|3|0|0
31|M|30 a 34 años|13028|0|13028|1542|12999|57|16|0|0
31|M|35 a 39 años|15173|0|15173|2106|15138|87|39|0|0
31|M|40 a 44 años|18677|0|18677|2535|18603|138|73|0|0
31|M|45 a 49 años|22103|0|22103|3359|21973|151|99|0|0
31|M|50 a 54 años|20426|0|20426|3208|20212|137|115|0|0
31|M|55 a 59 años|18291|0|18291|2372|18048|92|73|0|0
31|M|60 a 64 años|15096|0|15096|2023|14846|41|25|0|0
31|M|65 a 69 años|11461|0|11461|1400|11139|13|10|0|0
31|M|70 a 74 años|7205|0|7205|958|6829|7|2|0|0
31|M|Más de 74 años|6070|0|6070|1532|5132|3|2|0|0
31|V|15 a 17 años|494|18|509|494|0|0|0|0|18
31|V|18 a 20 años|4973|7|4979|1077|4677|1|0|0|7
31|V|21 a 24 años|10381|2|10382|1410|10327|174|5|0|2
31|V|25 a 29 años|14449|0|14449|2762|14415|474|29|0|0
31|V|30 a 34 años|15062|0|15062|5010|15007|831|81|0|0
31|V|35 a 39 años|16882|0|16882|6393|16804|1419|218|0|0
31|V|40 a 44 años|21650|0|21650|8613|21529|2321|471|0|0
31|V|45 a 49 años|26311|0|26311|11116|26047|3242|958|0|0
31|V|50 a 54 años|24986|0|24986|10977|24720|3584|1792|0|0
31|V|55 a 59 años|23041|2|23041|9676|22760|3365|1946|0|2
31|V|60 a 64 años|20143|3|20143|10256|19846|2760|1338|0|3
31|V|65 a 69 años|16742|0|16742|8890|16445|1017|485|0|0
31|V|70 a 74 años|13469|4|13470|7509|13038|282|129|0|4
31|V|Más de 74 años|22634|19|22634|16705|17911|145|70|0|19
32|M|15 a 17 años|7|0|7|7|0|0|0|0|0
32|M|18 a 20 años|947|0|947|43|935|0|0|0|0
32|M|21 a 24 años|2607|0|2607|67|2604|2|1|0|0
32|M|25 a 29 años|4153|0|4153|181|4152|23|4|0|0
32|M|30 a 34 años|5669|0|5669|491|5660|43|6|0|0
32|M|35 a 39 años|6923|0|6923|703|6913|75|32|0|0
32|M|40 a 44 años|8567|0|8567|1127|8549|115|48|0|0
32|M|45 a 49 años|10045|0|10045|1581|9988|115|66|0|0
32|M|50 a 54 años|9254|1|9255|1350|9152|86|65|0|1
32|M|55 a 59 años|9052|1|9052|849|8952|59|32|0|1
32|M|60 a 64 años|8197|2|8197|616|8062|31|18|0|2
32|M|65 a 69 años|6424|1|6425|497|6293|26|4|0|1
32|M|70 a 74 años|4595|5|4595|381|4448|9|2|0|5
32|M|Más de 74 años|3834|3|3834|569|3496|4|1|0|3
32|V|15 a 17 años|126|6|131|126|0|0|0|0|6
32|V|18 a 20 años|1450|2|1451|247|1417|0|0|0|2
32|V|21 a 24 años|3383|0|3383|433|3367|73|0|0|0
32|V|25 a 29 años|5305|0|5305|1100|5294|266|16|0|0
32|V|30 a 34 años|6147|0|6147|2239|6117|566|61|0|0
32|V|35 a 39 años|7112|2|7114|3003|7075|1024|192|0|2
32|V|40 a 44 años|9053|3|9056|4366|8973|1560|317|1|2
32|V|45 a 49 años|10473|1|10473|5281|10255|1901|541|0|1
32|V|50 a 54 años|10130|2|10130|4723|9905|1987|924|0|2
32|V|55 a 59 años|10171|4|10171|4204|9891|1946|991|0|4
32|V|60 a 64 años|10059|7|10061|4329|9718|1630|743|1|6
32|V|65 a 69 años|9400|20|9402|4319|8944|875|413|0|20
32|V|70 a 74 años|8290|30|8293|3629|7867|357|164|0|30
32|V|Más de 74 años|16410|115|16412|9065|13594|243|105|0|115
33|M|15 a 17 años|83|0|83|83|0|0|0|0|0
33|M|18 a 20 años|3215|0|3215|228|3143|1|0|0|0
33|M|21 a 24 años|9751|0|9751|383|9730|29|0|0|0
33|M|25 a 29 años|13761|0|13761|666|13746|64|19|0|0
33|M|30 a 34 años|17287|0|17287|1511|17241|104|50|0|0
33|M|35 a 39 años|23272|0|23272|2348|23221|217|95|0|0
33|M|40 a 44 años|31221|0|31221|3582|31122|444|238|0|0
33|M|45 a 49 años|36104|0|36104|4431|35876|395|258|0|0
33|M|50 a 54 años|32208|0|32208|4109|31888|258|183|0|0
33|M|55 a 59 años|28640|0|28640|2690|28331|178|118|0|0
33|M|60 a 64 años|25122|0|25122|1994|24830|90|54|0|0
33|M|65 a 69 años|19841|2|19842|1424|19509|15|10|0|2
33|M|70 a 74 años|11905|2|11905|898|11566|13|4|0|2
33|M|Más de 74 años|9415|1|9415|1775|8351|2|0|0|1
33|V|15 a 17 años|464|8|468|464|0|0|0|0|8
33|V|18 a 20 años|5220|2|5222|953|5039|1|0|0|2
33|V|21 a 24 años|10978|0|10978|1663|10904|263|4|0|0
33|V|25 a 29 años|15683|0|15683|2937|15627|798|84|0|0
33|V|30 a 34 años|17931|0|17931|5579|17835|1420|201|0|0
33|V|35 a 39 años|22905|0|22905|8254|22772|2462|491|0|0
33|V|40 a 44 años|29459|1|29459|11823|29233|3999|800|0|1
33|V|45 a 49 años|38259|2|38260|16606|37596|5504|1577|0|2
33|V|50 a 54 años|36912|0|36912|16116|36079|5467|2581|0|0
33|V|55 a 59 años|35345|2|35345|13953|34532|4943|2668|0|2
33|V|60 a 64 años|34343|8|34344|13606|33380|4054|2002|0|8
33|V|65 a 69 años|31584|7|31585|11524|30568|1827|814|0|7
33|V|70 a 74 años|25959|24|25959|9391|25022|586|254|0|24
33|V|Más de 74 años|38931|34|38931|23072|32479|330|136|0|34
34|M|15 a 17 años|4|0|4|4|0|0|0|0|0
34|M|18 a 20 años|518|0|518|11|515|0|0|0|0
34|M|21 a 24 años|1672|0|1672|40|1670|3|0|0|0
34|M|25 a 29 años|2640|0|2640|68|2640|15|1|0|0
34|M|30 a 34 años|3069|0|3069|206|3067|22|6|0|0
34|M|35 a 39 años|3779|0|3779|289|3773|55|12|0|0
34|M|40 a 44 años|4427|0|4427|412|4411|76|32|0|0
34|M|45 a 49 años|4828|0|4828|556|4805|72|25|0|0
34|M|50 a 54 años|4628|0|4628|541|4586|48|22|0|0
34|M|55 a 59 años|4757|0|4757|426|4719|38|20|0|0
34|M|60 a 64 años|4342|0|4342|450|4266|15|10|0|0
34|M|65 a 69 años|3139|0|3139|294|3074|3|4|0|0
34|M|70 a 74 años|1685|0|1685|151|1631|0|0|0|0
34|M|Más de 74 años|1158|0|1158|222|1018|0|0|0|0
34|V|15 a 17 años|36|5|40|36|0|0|0|0|5
34|V|18 a 20 años|840|4|844|87|820|1|0|0|4
34|V|21 a 24 años|1946|0|1946|227|1941|34|0|0|0
34|V|25 a 29 años|3026|0|3026|545|3017|143|7|0|0
34|V|30 a 34 años|3524|0|3524|1108|3516|295|27|0|0
34|V|35 a 39 años|4154|0|4154|1451|4136|560|95|0|0
34|V|40 a 44 años|4945|0|4945|1946|4920|789|169|0|0
34|V|45 a 49 años|5479|0|5479|2127|5417|971|267|0|0
34|V|50 a 54 años|5556|0|5556|2065|5475|1043|528|0|0
34|V|55 a 59 años|6001|0|6001|2085|5908|1173|679|0|0
34|V|60 a 64 años|6064|1|6064|2518|5962|1076|488|0|1
34|V|65 a 69 años|5600|2|5600|2976|5441|398|173|0|2
34|V|70 a 74 años|4324|1|4324|2756|4138|100|39|0|1
34|V|Más de 74 años|7095|2|7095|5544|5030|34|8|0|2
35|M|15 a 17 años|32|0|32|32|0|0|0|0|0
35|M|18 a 20 años|3415|0|3415|109|3391|0|0|0|0
35|M|21 a 24 años|12515|0|12515|280|12493|18|2|0|0
35|M|25 a 29 años|19474|0|19474|904|19425|67|36|0|0
35|M|30 a 34 años|24246|0|24246|1944|24167|75|90|0|0
35|M|35 a 39 años|29045|0|29045|3183|28938|249|182|0|0
35|M|40 a 44 años|33320|0|33320|5119|33119|264|220|0|0
35|M|45 a 49 años|36197|0|36197|5998|35703|378|216|0|0
35|M|50 a 54 años|36520|0|36520|5510|35919|432|204|0|0
35|M|55 a 59 años|31095|0|31095|3224|30671|394|142|0|0
35|M|60 a 64 años|22863|0|22863|1962|22623|338|92|0|0
35|M|65 a 69 años|15702|0|15702|1158|15571|144|27|0|0
35|M|70 a 74 años|10005|0|10005|665|9928|44|1|0|0
35|M|Más de 74 años|6831|0|6831|737|6776|8|1|0|0
35|V|15 a 17 años|217|0|217|217|0|0|0|0|0
35|V|18 a 20 años|5080|0|5080|725|4849|0|0|0|0
35|V|21 a 24 años|13965|0|13965|1530|13778|216|10|0|0
35|V|25 a 29 años|21115|0|21115|3437|20927|842|190|0|0
35|V|30 a 34 años|26072|0|26072|7658|25760|1474|530|0|0
35|V|35 a 39 años|28437|0|28437|10654|28081|2622|934|0|0
35|V|40 a 44 años|35678|0|35678|16717|35023|4374|1483|0|0
35|V|45 a 49 años|42079|0|42079|20644|40518|5635|2138|0|0
35|V|50 a 54 años|44437|0|44437|20859|42226|6272|3142|0|0
35|V|55 a 59 años|39725|0|39725|16366|37756|5293|2737|0|0
35|V|60 a 64 años|31460|1|31461|12263|30159|4159|1928|1|0
35|V|65 a 69 años|23721|1|23721|8862|22822|1881|824|0|1
35|V|70 a 74 años|17514|0|17514|6220|16746|707|298|0|0
35|V|Más de 74 años|20873|0|20873|10351|18573|297|142|0|0
36|M|15 a 17 años|68|0|68|68|0|0|0|0|0
36|M|18 a 20 años|4302|0|4302|223|4247|0|0|0|0
36|M|21 a 24 años|11335|0|11335|335|11317|14|0|0|0
36|M|25 a 29 años|15993|0|15993|664|15976|51|10|0|0
36|M|30 a 34 años|20232|0|20232|1899|20197|103|25|0|0
36|M|35 a 39 años|26360|0|26360|3530|26300|422|129|0|0
36|M|40 a 44 años|34057|0|34057|5806|33937|512|194|0|0
36|M|45 a 49 años|38336|0|38336|7381|38029|424|255|0|0
36|M|50 a 54 años|33920|0|33920|6551|33513|284|202|0|0
36|M|55 a 59 años|29458|0|29458|4226|28963|191|139|0|0
36|M|60 a 64 años|24250|3|24250|2884|23755|119|62|0|3
36|M|65 a 69 años|19866|5|19866|2554|19169|47|21|0|5
36|M|70 a 74 años|13605|9|13605|1946|12771|12|2|0|9
36|M|Más de 74 años|12297|9|12297|2950|10396|3|2|0|9
36|V|15 a 17 años|410|10|419|410|0|0|0|0|10
36|V|18 a 20 años|6333|0|6333|1085|6148|6|0|0|0
36|V|21 a 24 años|13680|0|13680|1909|13613|200|4|0|0
36|V|25 a 29 años|18172|0|18172|3833|18079|644|38|0|0
36|V|30 a 34 años|20586|0|20586|7878|20461|1257|113|0|0
36|V|35 a 39 años|21854|1|21855|9987|21684|2170|353|0|1
36|V|40 a 44 años|29955|0|29955|16746|29550|3666|738|0|0
36|V|45 a 49 años|38947|0|38947|22798|37815|5151|1442|0|0
36|V|50 a 54 años|35779|1|35779|19571|34494|5138|2391|0|1
36|V|55 a 59 años|32336|1|32336|15732|31152|4626|2595|0|1
36|V|60 a 64 años|28255|7|28257|14001|26987|3531|1672|0|7
36|V|65 a 69 años|24930|8|24933|11855|23717|1538|692|0|8
36|V|70 a 74 años|21435|14|21435|10148|20218|543|256|0|14
36|V|Más de 74 años|34752|45|34754|20723|28559|249|96|0|45
37|M|15 a 17 años|17|0|17|17|0|0|0|0|0
37|M|18 a 20 años|1411|0|1411|66|1393|0|0|0|0
37|M|21 a 24 años|4020|0|4020|120|4016|13|0|0|0
37|M|25 a 29 años|5965|0|5965|235|5962|34|2|0|0
37|M|30 a 34 años|6969|0|6969|490|6965|60|11|0|0
37|M|35 a 39 años|7554|0|7554|620|7545|57|19|0|0
37|M|40 a 44 años|8904|0|8904|833|8884|72|46|0|0
37|M|45 a 49 años|9806|0|9806|1030|9763|72|35|0|0
37|M|50 a 54 años|10175|0|10175|1010|10104|61|36|0|0
37|M|55 a 59 años|9764|0|9764|672|9699|33|23|0|0
37|M|60 a 64 años|8100|0|8100|538|8011|21|10|0|0
37|M|65 a 69 años|5719|0|5719|337|5655|14|4|0|0
37|M|70 a 74 años|3195|0|3195|149|3145|3|1|0|0
37|M|Más de 74 años|2324|0|2324|236|2230|1|0|0|0
37|V|15 a 17 años|140|6|143|140|0|0|0|0|6
37|V|18 a 20 años|2070|1|2071|330|2013|0|0|0|1
37|V|21 a 24 años|4214|0|4214|492|4199|82|0|0|0
37|V|25 a 29 años|5950|0|5950|1130|5935|292|35|0|0
37|V|30 a 34 años|6682|0|6682|2184|6652|534|51|0|0
37|V|35 a 39 años|8185|0|8185|2982|8150|1127|267|0|0
37|V|40 a 44 años|9666|1|9667|3809|9605|1597|470|0|1
37|V|45 a 49 años|11027|0|11027|4313|10872|1956|704|0|0
37|V|50 a 54 años|11454|1|11454|4171|11296|2208|1135|0|1
37|V|55 a 59 años|12090|0|12090|3743|11879|2172|1194|0|0
37|V|60 a 64 años|11780|1|11780|4147|11521|1860|891|0|1
37|V|65 a 69 años|9989|2|9989|3366|9729|729|313|0|2
37|V|70 a 74 años|7876|1|7876|2679|7549|222|86|0|1
37|V|Más de 74 años|13870|14|13870|8218|11292|138|49|0|14
38|M|15 a 17 años|40|0|40|40|0|0|0|0|0
38|M|18 a 20 años|3474|0|3474|118|3432|0|0|0|0
38|M|21 a 24 años|11576|0|11576|171|11565|7|0|0|0
38|M|25 a 29 años|17855|0|17855|598|17827|30|19|0|0
38|M|30 a 34 años|22583|0|22583|1878|22534|69|58|0|0
38|M|35 a 39 años|26210|0|26210|3014|26131|115|124|0|0
38|M|40 a 44 años|32041|0|32041|4743|31894|218|183|0|0
38|M|45 a 49 años|34906|0|34906|5377|34529|349|244|0|0
38|M|50 a 54 años|33556|0|33556|4411|33129|392|245|0|0
38|M|55 a 59 años|30089|1|30089|2945|29794|407|172|0|1
38|M|60 a 64 años|22971|0|22971|2236|22766|286|92|0|0
38|M|65 a 69 años|16356|0|16356|1380|16241|167|33|0|0
38|M|70 a 74 años|10312|0|10312|747|10249|51|9|0|0
38|M|Más de 74 años|8562|0|8562|1079|8493|15|1|0|0
38|V|15 a 17 años|221|0|221|221|0|0|0|0|0
38|V|18 a 20 años|4988|0|4988|550|4794|0|0|0|0
38|V|21 a 24 años|13015|0|13015|1091|12907|102|5|0|0
38|V|25 a 29 años|19758|0|19758|2918|19642|433|81|0|0
38|V|30 a 34 años|23823|0|23823|7025|23622|920|233|0|0
38|V|35 a 39 años|26798|1|26798|9921|26536|1995|647|0|1
38|V|40 a 44 años|32920|0|32920|14454|32418|3470|1135|0|0
38|V|45 a 49 años|38864|1|38864|17473|37641|4850|1933|1|0
38|V|50 a 54 años|38930|0|38930|16521|37475|5587|2750|0|0
38|V|55 a 59 años|34968|0|34968|13392|33690|4921|2579|0|0
38|V|60 a 64 años|29051|1|29051|12007|27851|3800|1853|0|1
38|V|65 a 69 años|22344|1|22345|8671|21380|1912|921|0|1
38|V|70 a 74 años|16706|1|16706|5249|16050|739|356|0|1
38|V|Más de 74 años|21828|4|21830|9335|20301|330|131|0|4
39|M|15 a 17 años|90|0|90|90|0|0|0|0|0
39|M|18 a 20 años|2505|0|2505|180|2435|0|0|0|0
39|M|21 a 24 años|6924|0|6924|167|6908|6|0|0|0
39|M|25 a 29 años|8829|0|8829|317|8820|16|3|0|0
39|M|30 a 34 años|11507|0|11507|1186|11479|74|20|0|0
39|M|35 a 39 años|14651|0|14651|1540|14625|110|36|0|0
39|M|40 a 44 años|18338|0|18338|2705|18269|106|65|0|0
39|M|45 a 49 años|21390|0|21390|4175|21212|129|67|0|0
39|M|50 a 54 años|19385|0|19385|3965|19144|116|64|0|0
39|M|55 a 59 años|17280|0|17280|2931|17010|63|34|0|0
39|M|60 a 64 años|14907|0|14907|2259|14586|40|15|0|0
39|M|65 a 69 años|11669|0|11669|1334|11372|7|3|0|0
39|M|70 a 74 años|7345|0|7345|799|7044|6|1|0|0
39|M|Más de 74 años|6288|0|6288|1590|5260|3|2|0|0
39|V|15 a 17 años|403|2|405|403|0|0|0|0|2
39|V|18 a 20 años|3896|2|3898|926|3594|4|0|0|2
39|V|21 a 24 años|7773|0|7773|1140|7709|102|3|0|0
39|V|25 a 29 años|10326|0|10326|1865|10278|314|38|0|0
39|V|30 a 34 años|11172|1|11173|3579|11120|685|103|0|1
39|V|35 a 39 años|13740|0|13740|5394|13669|1476|312|0|0
39|V|40 a 44 años|19541|1|19542|8728|19384|2350|563|0|1
39|V|45 a 49 años|23469|0|23469|11839|23085|3083|958|0|0
39|V|50 a 54 años|21751|2|21753|11160|21270|3162|1422|0|2
39|V|55 a 59 años|20561|0|20561|9870|20073|3027|1529|0|0
39|V|60 a 64 años|18871|1|18871|9460|18300|2431|1106|0|1
39|V|65 a 69 años|17100|1|17101|8258|16487|1021|453|0|1
39|V|70 a 74 años|13551|0|13551|6673|12869|330|134|0|0
39|V|Más de 74 años|19702|1|19702|13382|15987|146|59|0|1
40|M|15 a 17 años|6|0|6|6|0|0|0|0|0
40|M|18 a 20 años|651|0|651|40|645|0|0|0|0
40|M|21 a 24 años|2238|0|2238|72|2237|6|0|0|0
40|M|25 a 29 años|2889|0|2889|105|2888|7|6|0|0
40|M|30 a 34 años|3147|0|3147|253|3143|23|6|0|0
40|M|35 a 39 años|3460|0|3460|318|3452|36|11|0|0
40|M|40 a 44 años|4249|0|4249|475|4236|63|29|0|0
40|M|45 a 49 años|4978|0|4978|764|4960|52|30|0|0
40|M|50 a 54 años|4759|0|4759|610|4733|46|33|0|0
40|M|55 a 59 años|4942|0|4942|415|4906|23|18|0|0
40|M|60 a 64 años|4196|1|4196|328|4162|11|5|0|1
40|M|65 a 69 años|2890|1|2890|221|2841|3|0|0|1
40|M|70 a 74 años|1555|0|1555|115|1517|1|0|0|0
40|M|Más de 74 años|1150|0|1150|171|1059|0|0|0|0
40|V|15 a 17 años|75|4|78|75|0|0|0|0|4
40|V|18 a 20 años|1057|3|1060|194|1013|0|0|0|3
40|V|21 a 24 años|2102|1|2103|303|2097|47|0|0|1
40|V|25 a 29 años|3371|0|3371|666|3368|194|21|0|0
40|V|30 a 34 años|3632|0|3632|1288|3625|354|59|0|0
40|V|35 a 39 años|3963|0|3963|1384|3950|579|124|0|0
40|V|40 a 44 años|4957|0|4957|2026|4935|962|199|0|0
40|V|45 a 49 años|5544|0|5544|2406|5494|1130|388|0|0
40|V|50 a 54 años|5762|0|5762|2210|5708|1183|598|0|0
40|V|55 a 59 años|5996|1|5996|2156|5946|1178|673|0|1
40|V|60 a 64 años|5601|0|5601|1925|5547|932|428|0|0
40|V|65 a 69 años|4672|0|4672|1552|4601|398|161|0|0
40|V|70 a 74 años|3463|4|3463|1432|3364|129|42|0|4
40|V|Más de 74 años|6066|25|6066|3989|4890|74|27|0|25
41|M|15 a 17 años|335|0|335|335|0|0|0|0|0
41|M|18 a 20 años|9811|0|9811|685|9499|0|0|0|0
41|M|21 a 24 años|26549|0|26549|961|26459|26|5|0|0
41|M|25 a 29 años|39210|0|39210|2018|39140|102|32|0|0
41|M|30 a 34 años|46244|0|46244|6529|46089|166|103|0|0
41|M|35 a 39 años|52014|0|52014|9461|51820|271|166|0|0
41|M|40 a 44 años|63376|0|63376|16003|62868|518|243|0|0
41|M|45 a 49 años|72929|0|72929|20311|71456|576|296|0|0
41|M|50 a 54 años|61315|0|61315|17682|59301|287|166|0|0
41|M|55 a 59 años|52001|0|52001|11340|50198|171|74|0|0
41|M|60 a 64 años|37266|0|37266|7342|35715|87|37|0|0
41|M|65 a 69 años|24537|1|24537|4079|23385|37|10|0|1
41|M|70 a 74 años|13246|0|13246|1604|12553|14|4|0|0
41|M|Más de 74 años|8272|0|8272|1418|7556|1|0|0|0
41|V|15 a 17 años|1932|7|1939|1932|0|0|0|0|7
41|V|18 a 20 años|14354|3|14354|3070|13280|6|0|0|3
41|V|21 a 24 años|30357|1|30357|3967|30055|442|20|0|1
41|V|25 a 29 años|40909|0|40909|7508|40708|1327|190|0|0
41|V|30 a 34 años|47697|0|47697|20267|47359|2226|421|0|0
41|V|35 a 39 años|53455|0|53455|27123|53062|4102|888|0|0
41|V|40 a 44 años|66072|0|66072|39155|65171|6328|1414|0|0
41|V|45 a 49 años|76320|0|76320|47229|73889|8575|2504|0|0
41|V|50 a 54 años|72638|7|72640|45898|69305|8720|3522|0|7
41|V|55 a 59 años|68064|10|68064|41632|64076|7562|3648|0|10
41|V|60 a 64 años|55919|22|55919|36725|51776|5484|2473|0|22
41|V|65 a 69 años|44255|23|44255|30124|40447|2406|1016|0|23
41|V|70 a 74 años|34139|33|34139|23265|30786|912|421|0|33
41|V|Más de 74 años|56040|59|56040|45001|36801|510|215|0|59
42|M|15 a 17 años|9|0|9|9|0|0|0|0|0
42|M|18 a 20 años|420|0|420|26|416|0|0|0|0
42|M|21 a 24 años|1114|0|1114|22|1114|3|0|0|0
42|M|25 a 29 años|1601|0|1601|56|1598|4|2|0|0
42|M|30 a 34 años|1894|0|1894|204|1892|11|0|0|0
42|M|35 a 39 años|2313|0|2313|185|2312|28|14|0|0
42|M|40 a 44 años|2376|0|2376|252|2371|24|7|0|0
42|M|45 a 49 años|2694|0|2694|348|2684|32|12|0|0
42|M|50 a 54 años|2498|0|2498|341|2486|23|16|0|0
42|M|55 a 59 años|2668|0|2668|217|2651|18|8|0|0
42|M|60 a 64 años|2247|0|2247|147|2232|10|6|0|0
42|M|65 a 69 años|1564|0|1564|113|1550|1|0|0|0
42|M|70 a 74 años|880|0|880|63|861|1|0|0|0
42|M|Más de 74 años|630|0|630|91|578|0|0|0|0
42|V|15 a 17 años|52|2|53|52|0|0|0|0|2
42|V|18 a 20 años|693|1|694|120|676|0|0|0|1
42|V|21 a 24 años|1400|0|1400|202|1400|39|0|0|0
42|V|25 a 29 años|1908|1|1909|366|1905|116|3|0|1
42|V|30 a 34 años|1952|0|1952|659|1943|215|19|0|0
42|V|35 a 39 años|2132|0|2132|850|2127|375|57|0|0
42|V|40 a 44 años|2763|0|2763|1052|2748|632|147|0|0
42|V|45 a 49 años|3194|1|3194|1254|3163|804|273|0|1
42|V|50 a 54 años|3278|0|3278|1259|3240|732|347|0|0
42|V|55 a 59 años|3465|1|3465|1193|3420|711|409|0|1
42|V|60 a 64 años|3312|2|3312|1105|3265|581|230|0|2
42|V|65 a 69 años|2625|0|2625|941|2580|212|89|0|0
42|V|70 a 74 años|2078|0|2078|973|2007|82|38|0|0
42|V|Más de 74 años|3840|12|3842|2709|2952|49|20|0|12
43|M|15 a 17 años|367|0|367|367|0|0|0|0|0
43|M|18 a 20 años|3105|0|3105|606|2788|0|0|0|0
43|M|21 a 24 años|9669|0|9669|786|9557|15|2|0|0
43|M|25 a 29 años|13930|0|13930|1352|13892|64|7|0|0
43|M|30 a 34 años|15431|0|15431|3227|15354|73|11|0|0
43|M|35 a 39 años|18772|0|18772|4660|18671|117|45|0|0
43|M|40 a 44 años|23591|0|23591|7187|23354|205|89|0|0
43|M|45 a 49 años|28304|0|28304|9913|27770|294|137|0|0
43|M|50 a 54 años|24166|0|24166|8472|23576|185|85|0|0
43|M|55 a 59 años|21816|1|21816|6547|21255|183|75|0|1
43|M|60 a 64 años|18731|0|18731|4816|18215|125|49|0|0
43|M|65 a 69 años|14842|0|14842|3069|14331|45|7|0|0
43|M|70 a 74 años|10008|0|10008|1947|9404|26|9|0|0
43|M|Más de 74 años|9312|0|9312|3143|7410|9|2|0|0
43|V|15 a 17 años|847|20|857|847|0|0|0|0|20
43|V|18 a 20 años|5135|4|5137|1505|4611|2|0|0|4
43|V|21 a 24 años|11573|2|11574|2311|11370|172|6|0|2
43|V|25 a 29 años|16062|0|16062|4097|15957|573|50|0|0
43|V|30 a 34 años|17585|1|17586|7834|17419|1022|148|0|1
43|V|35 a 39 años|20860|1|20861|10422|20677|1909|421|0|1
43|V|40 a 44 años|27171|0|27171|14728|26790|3193|765|0|0
43|V|45 a 49 años|32634|1|32634|19081|31909|4384|1224|0|1
43|V|50 a 54 años|30274|3|30276|18395|29441|4411|1910|0|3
43|V|55 a 59 años|27320|2|27322|16223|26533|3947|1995|0|2
43|V|60 a 64 años|23466|2|23466|14627|22802|3173|1436|0|2
43|V|65 a 69 años|20213|5|20213|12404|19557|1563|691|0|5
43|V|70 a 74 años|16721|8|16721|10272|16113|702|306|0|8
43|V|Más de 74 años|27295|27|27295|20598|22645|411|149|0|27
44|M|15 a 17 años|107|0|107|107|0|0|0|0|0
44|M|18 a 20 años|649|0|649|96|615|0|0|0|0
44|M|21 a 24 años|1843|0|1843|123|1835|7|1|0|0
44|M|25 a 29 años|2529|0|2529|147|2522|19|0|0|0
44|M|30 a 34 años|2692|0|2692|374|2686|18|4|0|0
44|M|35 a 39 años|3059|0|3059|498|3050|25|2|0|0
44|M|40 a 44 años|3372|0|3372|688|3359|53|13|0|0
44|M|45 a 49 años|3758|0|3758|901|3712|52|14|0|0
44|M|50 a 54 años|3643|0|3643|789|3594|30|14|0|0
44|M|55 a 59 años|3801|0|3801|639|3738|18|10|0|0
44|M|60 a 64 años|3451|0|3451|540|3374|12|5|0|0
44|M|65 a 69 años|2307|0|2307|318|2219|1|1|0|0
44|M|70 a 74 años|1264|0|1264|160|1190|1|0|0|0
44|M|Más de 74 años|798|0|798|211|643|0|0|0|0
44|V|15 a 17 años|192|6|197|192|0|0|0|0|6
44|V|18 a 20 años|1110|4|1113|393|998|0|0|0|4
44|V|21 a 24 años|1901|0|1901|456|1892|69|0|0|0
44|V|25 a 29 años|2865|0|2865|800|2860|259|7|0|0
44|V|30 a 34 años|3196|0|3196|1447|3183|356|25|0|0
44|V|35 a 39 años|3700|1|3701|1736|3688|570|51|0|1
44|V|40 a 44 años|4303|1|4303|2088|4272|846|146|0|1
44|V|45 a 49 años|4712|1|4712|2374|4634|956|231|0|1
44|V|50 a 54 años|4666|0|4666|2306|4593|919|435|0|0
44|V|55 a 59 años|4942|1|4942|2413|4881|981|533|0|1
44|V|60 a 64 años|4870|1|4870|2685|4782|683|285|0|1
44|V|65 a 69 años|4109|7|4109|2564|4004|239|98|0|7
44|V|70 a 74 años|3204|6|3204|2250|3077|57|27|0|6
44|V|Más de 74 años|6180|26|6180|5191|4084|21|7|0|26
45|M|15 a 17 años|102|0|102|102|0|0|0|0|0
45|M|18 a 20 años|3458|0|3458|181|3398|0|0|0|0
45|M|21 a 24 años|9624|1|9625|215|9618|27|2|0|1
45|M|25 a 29 años|13594|0|13594|570|13588|57|8|0|0
45|M|30 a 34 años|16150|0|16150|1953|16130|107|37|0|0
45|M|35 a 39 años|19404|0|19404|2424|19380|159|73|0|0
45|M|40 a 44 años|23176|0|23176|3025|23125|213|106|0|0
45|M|45 a 49 años|25171|0|25171|4025|25013|204|109|0|0
45|M|50 a 54 años|22088|0|22088|3348|21884|159|93|0|0
45|M|55 a 59 años|18781|0|18781|1967|18539|80|60|0|0
45|M|60 a 64 años|14337|0|14337|1530|14030|46|35|0|0
45|M|65 a 69 años|9127|0|9127|897|8904|10|4|0|0
45|M|70 a 74 años|4909|0|4909|445|4725|3|1|0|0
45|M|Más de 74 años|3088|0|3088|422|2852|2|1|0|0
45|V|15 a 17 años|630|19|641|630|0|0|0|0|19
45|V|18 a 20 años|5626|12|5637|1011|5359|1|0|0|12
45|V|21 a 24 años|12036|2|12038|1415|11993|254|4|0|2
45|V|25 a 29 años|16251|0|16251|3009|16231|790|82|0|0
45|V|30 a 34 años|17681|0|17681|6968|17630|1351|197|0|0
45|V|35 a 39 años|20527|0|20527|9148|20451|2572|540|0|0
45|V|40 a 44 años|26637|0|26637|11691|26498|4094|1034|0|0
45|V|45 a 49 años|29994|0|29994|13754|29721|5105|1598|0|0
45|V|50 a 54 años|27253|1|27254|11542|26895|4600|2076|0|1
45|V|55 a 59 años|24829|6|24829|9789|24371|4024|2054|0|6
45|V|60 a 64 años|21655|9|21655|10296|21099|3071|1371|0|9
45|V|65 a 69 años|17538|24|17538|8466|16893|1288|579|0|24
45|V|70 a 74 años|13397|43|13397|6494|12648|539|258|0|43
45|V|Más de 74 años|23903|193|23903|16986|16851|284|122|0|193
46|M|15 a 17 años|2094|0|2094|2094|0|0|0|0|0
46|M|18 a 20 años|11009|0|11009|2936|9353|8|0|0|0
46|M|21 a 24 años|30828|0|30828|3324|30402|87|1|0|0
46|M|25 a 29 años|44092|0|44092|4528|43919|161|19|0|0
46|M|30 a 34 años|52820|0|52820|10262|52524|257|44|0|0
46|M|35 a 39 años|61520|0|61520|14252|61196|401|89|0|0
46|M|40 a 44 años|76750|0|76750|22453|76037|628|158|0|0
46|M|45 a 49 años|91513|0|91513|32812|89580|757|230|0|0
46|M|50 a 54 años|81674|0|81674|31608|79075|571|182|0|0
46|M|55 a 59 años|74165|0|74165|26404|71274|438|139|0|0
46|M|60 a 64 años|60199|0|60199|18778|57514|239|68|0|0
46|M|65 a 69 años|42619|1|42619|8913|40796|83|26|0|1
46|M|70 a 74 años|25790|0|25790|3627|24500|31|8|0|0
46|M|Más de 74 años|17966|0|17966|4077|15787|5|1|0|0
46|V|15 a 17 años|4800|6|4803|4800|0|0|0|0|6
46|V|18 a 20 años|18094|9|18099|7566|14745|48|1|0|9
46|V|21 a 24 años|39233|0|39233|9952|38100|617|10|0|0
46|V|25 a 29 años|54066|0|54066|14717|53594|1736|110|0|0
46|V|30 a 34 años|60818|0|60818|27393|60264|2863|281|0|0
46|V|35 a 39 años|68868|0|68868|34981|68367|5169|789|0|0
46|V|40 a 44 años|89101|0|89101|52171|87885|9797|1826|0|0
46|V|45 a 49 años|107794|1|107795|67606|105209|14277|3608|1|0
46|V|50 a 54 años|99755|0|99755|65934|96662|14671|5557|0|0
46|V|55 a 59 años|91610|3|91610|62195|88362|12861|5796|0|3
46|V|60 a 64 años|77728|6|77728|56302|74628|9715|4150|0|6
46|V|65 a 69 años|63126|3|63126|45327|60491|3816|1671|0|3
46|V|70 a 74 años|50674|5|50674|36078|48129|1139|467|0|5
46|V|Más de 74 años|79084|32|79084|64771|63176|610|240|0|32
47|M|15 a 17 años|30|0|30|30|0|0|0|0|0
47|M|18 a 20 años|2370|0|2370|81|2354|1|0|0|0
47|M|21 a 24 años|6257|0|6257|136|6253|7|0|0|0
47|M|25 a 29 años|8520|0|8520|285|8508|19|4|0|0
47|M|30 a 34 años|9442|0|9442|609|9433|14|6|0|0
47|M|35 a 39 años|11543|0|11543|923|11528|54|24|0|0
47|M|40 a 44 años|15266|0|15266|1488|15235|116|68|0|0
47|M|45 a 49 años|18479|0|18479|2161|18384|140|88|0|0
47|M|50 a 54 años|17153|0|17153|2010|17048|83|55|0|0
47|M|55 a 59 años|15074|0|15074|1229|14951|41|29|0|0
47|M|60 a 64 años|12133|0|12133|866|12027|22|7|0|0
47|M|65 a 69 años|8697|0|8697|588|8569|7|6|0|0
47|M|70 a 74 años|4923|1|4923|240|4828|1|1|0|1
47|M|Más de 74 años|3028|0|3028|295|2883|2|1|0|0
47|V|15 a 17 años|192|2|194|192|0|0|0|0|2
47|V|18 a 20 años|3564|2|3566|434|3504|3|0|0|2
47|V|21 a 24 años|7257|1|7258|856|7238|116|6|0|1
47|V|25 a 29 años|9703|0|9703|1680|9682|300|25|0|0
47|V|30 a 34 años|10965|1|10966|3135|10937|505|51|0|1
47|V|35 a 39 años|12944|0|12944|4301|12897|1024|192|0|0
47|V|40 a 44 años|16879|0|16879|6332|16804|1944|426|0|0
47|V|45 a 49 años|21371|0|21371|8456|21157|2786|849|0|0
47|V|50 a 54 años|20078|0|20078|7600|19818|2924|1164|0|0
47|V|55 a 59 años|18692|0|18692|6259|18457|2643|1221|0|0
47|V|60 a 64 años|16884|3|16884|6150|16636|2215|819|0|3
47|V|65 a 69 años|14517|0|14517|5663|14220|912|363|0|0
47|V|70 a 74 años|12333|2|12333|5104|11990|257|82|0|2
47|V|Más de 74 años|19020|13|19020|11708|16186|92|32|0|13
48|M|15 a 17 años|142|0|142|142|0|0|0|0|0
48|M|18 a 20 años|3406|0|3406|271|3285|2|0|0|0
48|M|21 a 24 años|12018|0|12018|428|11993|23|1|0|0
48|M|25 a 29 años|16792|0|16792|698|16761|46|28|0|0
48|M|30 a 34 años|19057|0|19057|1437|19020|64|58|0|0
48|M|35 a 39 años|23846|0|23846|1843|23802|121|126|0|0
48|M|40 a 44 años|29363|0|29363|2742|29285|189|228|0|0
48|M|45 a 49 años|36349|0|36349|4020|36121|199|267|0|0
48|M|50 a 54 años|33631|0|33631|3851|33355|193|204|0|0
48|M|55 a 59 años|30724|0|30724|2883|30477|169|117|0|0
48|M|60 a 64 años|26543|0|26543|2105|26285|76|43|0|0
48|M|65 a 69 años|19685|0|19685|1371|19455|17|11|0|0
48|M|70 a 74 años|11493|0|11493|679|11326|6|3|0|0
48|M|Más de 74 años|8258|0|8258|1326|7835|3|1|0|0
48|V|15 a 17 años|423|2|423|423|0|0|0|0|2
48|V|18 a 20 años|6058|3|6060|978|5793|0|0|0|3
48|V|21 a 24 años|14391|0|14391|1591|14312|248|9|0|0
48|V|25 a 29 años|20372|0|20372|3238|20297|682|130|0|0
48|V|30 a 34 años|22565|0|22565|5559|22464|1111|344|0|0
48|V|35 a 39 años|27259|0|27259|7588|27153|2000|659|0|0
48|V|40 a 44 años|35187|0|35187|11052|35007|3236|1071|0|0
48|V|45 a 49 años|43171|0|43171|14456|42679|4212|1714|0|0
48|V|50 a 54 años|41820|1|41820|14470|41141|5357|2682|0|1
48|V|55 a 59 años|39897|1|39897|13030|39302|5518|2736|0|1
48|V|60 a 64 años|36406|1|36406|11615|35842|4384|2013|0|1
48|V|65 a 69 años|30852|1|30852|8256|30337|1539|772|0|1
48|V|70 a 74 años|24184|1|24184|5994|23646|382|186|0|1
48|V|Más de 74 años|33063|1|33063|14533|30010|145|54|0|1
49|M|15 a 17 años|18|0|18|18|0|0|0|0|0
49|M|18 a 20 años|700|0|700|32|693|0|0|0|0
49|M|21 a 24 años|1850|0|1850|58|1850|7|1|0|0
49|M|25 a 29 años|2832|0|2832|137|2831|11|1|0|0
49|M|30 a 34 años|3280|0|3280|386|3276|22|3|0|0
49|M|35 a 39 años|3830|0|3830|483|3820|39|12|0|0
49|M|40 a 44 años|4566|0|4566|614|4551|69|21|0|0
49|M|45 a 49 años|5153|0|5153|746|5127|79|32|0|0
49|M|50 a 54 años|4786|0|4786|649|4742|39|19|0|0
49|M|55 a 59 años|5085|1|5085|478|5028|38|20|0|1
49|M|60 a 64 años|4437|2|4437|420|4352|13|4|0|2
49|M|65 a 69 años|3150|1|3150|308|3056|5|3|0|1
49|M|70 a 74 años|1797|4|1797|156|1712|3|1|0|4
49|M|Más de 74 años|1360|1|1360|232|1200|0|0|0|1
49|V|15 a 17 años|102|4|105|102|0|0|0|0|4
49|V|18 a 20 años|998|0|998|178|977|0|0|0|0
49|V|21 a 24 años|2200|0|2200|303|2195|50|1|0|0
49|V|25 a 29 años|3124|0|3124|626|3121|207|8|0|0
49|V|30 a 34 años|3494|0|3494|1337|3485|374|31|0|0
49|V|35 a 39 años|4193|0|4193|1767|4172|622|79|0|0
49|V|40 a 44 años|4912|0|4912|2201|4874|910|154|0|0
49|V|45 a 49 años|5661|0|5661|2566|5573|1125|282|0|0
49|V|50 a 54 años|5779|5|5779|2364|5677|1201|494|0|5
49|V|55 a 59 años|6190|4|6190|2250|6082|1187|640|0|4
49|V|60 a 64 años|6643|8|6643|2710|6443|1076|476|0|8
49|V|65 a 69 años|5772|12|5772|2315|5562|426|164|0|12
49|V|70 a 74 años|4753|18|4753|2022|4522|173|64|0|18
49|V|Más de 74 años|9428|78|9428|6260|6930|123|53|0|78
50|M|15 a 17 años|69|0|69|69|0|0|0|0|0
50|M|18 a 20 años|2761|0|2761|168|2704|0|0|0|0
50|M|21 a 24 años|9700|0|9700|260|9677|24|1|0|0
50|M|25 a 29 años|15104|0|15104|625|15066|43|11|0|0
50|M|30 a 34 años|17863|0|17863|1962|17776|102|22|0|0
50|M|35 a 39 años|21210|0|21210|2652|21099|196|76|0|0
50|M|40 a 44 años|25596|0|25596|3635|25425|251|152|0|0
50|M|45 a 49 años|30077|0|30077|4774|29776|267|166|0|0
50|M|50 a 54 años|27443|0|27443|4707|27018|207|179|0|0
50|M|55 a 59 años|23856|0|23856|3364|23398|112|98|0|0
50|M|60 a 64 años|19206|0|19206|2536|18814|58|48|0|0
50|M|65 a 69 años|13280|0|13280|1557|12890|10|9|0|0
50|M|70 a 74 años|7272|0|7272|765|6919|5|2|0|0
50|M|Más de 74 años|4866|0|4866|1046|4261|1|0|0|0
50|V|15 a 17 años|365|12|375|365|0|0|0|0|12
50|V|18 a 20 años|4857|6|4862|848|4634|2|0|0|6
50|V|21 a 24 años|12668|2|12669|1530|12591|202|2|0|2
50|V|25 a 29 años|18667|1|18668|3322|18615|648|49|0|1
50|V|30 a 34 años|21050|0|21050|7048|20898|1286|187|0|0
50|V|35 a 39 años|24809|0|24809|9441|24652|2400|500|0|0
50|V|40 a 44 años|30847|0|30847|12450|30574|3534|895|0|0
50|V|45 a 49 años|38026|0|38026|15514|37454|4935|1531|0|0
50|V|50 a 54 años|35953|4|35953|15224|35237|5032|2352|0|4
50|V|55 a 59 años|33199|3|33199|13862|32501|4484|2370|0|3
50|V|60 a 64 años|29383|13|29384|13538|28768|3546|1783|0|13
50|V|65 a 69 años|24258|14|24259|11636|23650|1292|619|1|13
50|V|70 a 74 años|19228|14|19228|9412|18608|282|132|0|14
50|V|Más de 74 años|30716|67|30717|21321|24419|114|50|0|67
51|M|15 a 17 años|14|0|14|14|0|0|0|0|0
51|M|18 a 20 años|350|0|350|54|331|0|0|0|0
51|M|21 a 24 años|1089|0|1089|101|1079|9|0|0|0
51|M|25 a 29 años|1578|0|1578|112|1574|13|0|0|0
51|M|30 a 34 años|1865|0|1865|234|1855|18|3|0|0
51|M|35 a 39 años|2062|0|2062|315|2052|28|5|0|0
51|M|40 a 44 años|2115|0|2115|410|2094|36|8|0|0
51|M|45 a 49 años|2018|0|2018|463|1978|27|9|0|0
51|M|50 a 54 años|1703|0|1703|342|1659|11|3|0|0
51|M|55 a 59 años|1507|0|1507|225|1473|2|3|0|0
51|M|60 a 64 años|1196|0|1196|144|1176|3|3|0|0
51|M|65 a 69 años|726|0|726|38|719|1|0|0|0
51|M|70 a 74 años|260|0|260|15|255|2|0|0|0
51|M|Más de 74 años|168|0|168|8|166|0|0|0|0
51|V|15 a 17 años|123|0|123|123|0|0|0|0|0
51|V|18 a 20 años|646|0|646|326|568|0|0|0|0
51|V|21 a 24 años|1240|0|1240|492|1206|50|0|0|0
51|V|25 a 29 años|1796|0|1796|682|1775|163|12|0|0
51|V|30 a 34 años|2036|0|2036|1055|2011|214|21|0|0
51|V|35 a 39 años|2372|0|2372|1352|2334|415|64|0|0
51|V|40 a 44 años|2761|0|2761|1433|2713|554|114|0|0
51|V|45 a 49 años|3000|0|3000|1610|2917|604|176|0|0
51|V|50 a 54 años|2805|0|2805|1365|2707|456|199|0|0
51|V|55 a 59 años|2646|0|2646|1238|2531|355|184|0|0
51|V|60 a 64 años|2150|0|2150|987|2067|313|152|0|0
51|V|65 a 69 años|1519|0|1519|626|1481|156|75|0|0
51|V|70 a 74 años|961|0|961|372|927|57|24|0|0
51|V|Más de 74 años|952|0|952|538|807|28|16|0|0
52|M|15 a 17 años|24|0|24|24|0|0|0|0|0
52|M|18 a 20 años|475|0|475|30|468|0|0|0|0
52|M|21 a 24 años|1320|0|1320|40|1317|2|0|0|0
52|M|25 a 29 años|2003|0|2003|70|2002|2|0|0|0
52|M|30 a 34 años|2131|0|2131|164|2128|12|2|0|0
52|M|35 a 39 años|2228|0|2228|249|2228|40|10|0|0
52|M|40 a 44 años|2353|0|2353|381|2349|27|5|0|0
52|M|45 a 49 años|2093|0|2093|471|2053|16|2|0|0
52|M|50 a 54 años|1801|0|1801|391|1772|7|3|0|0
52|M|55 a 59 años|1736|0|1736|283|1709|1|1|0|0
52|M|60 a 64 años|1213|0|1213|135|1199|2|1|0|0
52|M|65 a 69 años|859|0|859|57|849|0|0|0|0
52|M|70 a 74 años|400|0|400|11|396|0|0|0|0
52|M|Más de 74 años|269|0|269|17|267|0|0|0|0
52|V|15 a 17 años|126|0|126|126|0|0|0|0|0
52|V|18 a 20 años|741|0|741|213|676|1|0|0|0
52|V|21 a 24 años|1559|0|1559|306|1533|48|0|0|0
52|V|25 a 29 años|2183|0|2183|542|2173|207|15|0|0
52|V|30 a 34 años|2196|0|2196|932|2170|247|28|0|0
52|V|35 a 39 años|2445|0|2445|1079|2429|378|79|0|0
52|V|40 a 44 años|2900|0|2900|1270|2866|438|84|0|0
52|V|45 a 49 años|3041|0|3041|1351|2937|469|143|0|0
52|V|50 a 54 años|2714|0|2714|1171|2630|317|100|0|0
52|V|55 a 59 años|2728|0|2728|1135|2622|275|103|0|0
52|V|60 a 64 años|2319|0|2319|903|2216|211|102|0|0
52|V|65 a 69 años|1756|0|1756|692|1674|91|43|0|0
52|V|70 a 74 años|968|0|968|352|919|27|9|0|0
52|V|Más de 74 años|1017|0|1017|559|839|5|2|0|0