COD_PROVINCIA|IND_SEXO|EDAD|NUM_PERMISOS|NUM_LICENCIAS|NUM_LICENCIAS_PERMISOS|NUM_PERMISOS_A|NUM_PERMISOS_B|NUM_PERMISOS_C|NUM_PERMISOS_D|NUM_PERMISOS_LCM|NUM_PERMISOS_LVA
01|M|15 a 17 años|23|0|23|23|0|0|0|0|0
01|M|18 a 20 años|771|0|771|46|758|0|0|0|0
01|M|21 a 24 años|3190|0|3190|91|3185|5|0|0|0
01|M|25 a 29 años|4965|0|4965|184|4947|28|5|0|0
01|M|30 a 34 años|5324|0|5324|360|5298|43|17|0|0
01|M|35 a 39 años|6608|0|6608|591|6578|42|31|0|0
01|M|40 a 44 años|8839|0|8839|943|8811|72|77|0|0
01|M|45 a 49 años|11435|0|11435|1398|11384|149|109|0|0
01|M|50 a 54 años|11143|0|11143|1547|11079|94|98|0|0
01|M|55 a 59 años|9633|0|9633|913|9561|76|61|0|0
01|M|60 a 64 años|8328|0|8328|606|8268|44|34|0|0
01|M|65 a 69 años|6632|0|6632|403|6586|8|6|0|0
01|M|70 a 74 años|3939|0|3939|230|3890|2|1|0|0
01|M|Más de 74 años|2981|0|2981|362|2826|2|2|0|0
01|V|15 a 17 años|108|11|118|108|0|0|0|0|11
01|V|18 a 20 años|1504|5|1508|239|1453|0|0|0|5
01|V|21 a 24 años|4383|1|4384|493|4363|79|3|0|1
01|V|25 a 29 años|6121|0|6121|909|6085|238|32|0|0
01|V|30 a 34 años|6798|0|6798|1545|6747|334|63|0|0
01|V|35 a 39 años|7909|0|7909|2483|7861|562|173|0|0
01|V|40 a 44 años|10049|0|10049|3322|10015|914|341|0|0
01|V|45 a 49 años|12450|0|12450|4516|12329|1244|460|0|0
01|V|50 a 54 años|13099|0|13099|4902|12928|1639|753|0|0
01|V|55 a 59 años|11978|0|11978|3905|11849|1719|903|0|0
01|V|60 a 64 años|10675|1|10675|3579|10565|1517|731|0|1
01|V|65 a 69 años|9075|0|9075|3334|8966|650|318|0|0
01|V|70 a 74 años|7430|0|7430|2596|7317|225|117|0|0
01|V|Más de 74 años|11889|1|11889|6266|10674|89|39|0|1
02|M|15 a 17 años|56|0|56|56|0|0|0|0|0
02|M|18 a 20 años|1455|0|1455|125|1421|2|0|0|0
02|M|21 a 24 años|4917|0|4917|190|4904|20|0|0|0
02|M|25 a 29 años|7466|0|7466|333|7454|59|2|0|0
02|M|30 a 34 años|8322|0|8322|990|8293|70|6|0|0
02|M|35 a 39 años|9506|0|9506|1751|9466|96|16|0|0
02|M|40 a 44 años|10741|0|10741|2679|10681|163|38|0|0
02|M|45 a 49 años|13347|0|13347|3451|13169|264|74|0|0
02|M|50 a 54 años|12731|0|12731|3469|12458|159|56|0|0
02|M|55 a 59 años|11605|0|11605|2321|11340|92|49|0|0
02|M|60 a 64 años|9597|0|9597|1619|9293|32|20|0|0
02|M|65 a 69 años|6643|0|6643|957|6426|13|7|0|0
02|M|70 a 74 años|3288|0|3288|384|3122|4|1|0|0
02|M|Más de 74 años|2212|0|2212|376|1964|1|1|0|0
02|V|15 a 17 años|438|5|440|438|0|0|0|0|5
02|V|18 a 20 años|3016|3|3016|767|2801|8|0|0|3
02|V|21 a 24 años|6591|1|6592|1198|6525|228|1|0|1
02|V|25 a 29 años|9433|0|9433|1805|9397|596|41|0|0
02|V|30 a 34 años|9927|0|9927|3662|9875|986|76|0|0
02|V|35 a 39 años|11071|0|11071|5712|11003|1374|132|0|0
02|V|40 a 44 años|11576|0|11576|6622|11493|1864|288|0|0
02|V|45 a 49 años|13374|1|13374|7854|13083|2506|488|0|1
02|V|50 a 54 años|13940|1|13940|8654|13546|2662|1068|0|1
02|V|55 a 59 años|14285|4|14285|7749|13862|2645|1268|0|4
02|V|60 a 64 años|13479|5|13479|7885|13028|2404|1156|0|5
02|V|65 a 69 años|11160|14|11160|7316|10729|916|374|0|14
02|V|70 a 74 años|7658|10|7658|5535|7228|243|126|0|10
02|V|Más de 74 años|15040|55|15040|13225|10403|97|37|0|55
03|M|15 a 17 años|1260|0|1260|1260|0|0|0|0|0
03|M|18 a 20 años|8922|0|8922|2116|7883|2|0|0|0
03|M|21 a 24 años|23361|0|23361|2401|23010|34|2|0|0
03|M|25 a 29 años|33298|0|33298|2727|33100|99|19|0|0
03|M|30 a 34 años|37572|0|37572|5833|37306|139|40|0|0
03|M|35 a 39 años|44395|0|44395|10639|44014|199|78|0|0
03|M|40 a 44 años|51243|0|51243|15386|50766|254|130|0|0
03|M|45 a 49 años|61631|0|61631|20933|60394|436|197|0|0
03|M|50 a 54 años|59713|0|59713|22238|58079|632|180|0|0
03|M|55 a 59 años|54693|0|54693|17651|53171|796|160|0|0
03|M|60 a 64 años|47335|0|47335|14796|45849|827|80|0|0
03|M|65 a 69 años|37931|0|37931|10023|36737|619|29|0|0
03|M|70 a 74 años|24520|0|24520|5711|23656|389|18|0|0
03|M|Más de 74 años|24199|0|24199|7398|21638|113|8|0|0
03|V|15 a 17 años|3216|0|3216|3216|0|0|0|0|0
03|V|18 a 20 años|14039|0|14039|5463|11849|7|1|0|0
03|V|21 a 24 años|29806|0|29806|7790|28916|440|10|0|0
03|V|25 a 29 años|39808|0|39808|9591|39296|1377|111|0|0
03|V|30 a 34 años|42754|0|42754|15764|42179|1898|244|0|0
03|V|35 a 39 años|49225|0|49225|24909|48630|3018|517|0|0
03|V|40 a 44 años|57305|0|57305|32512|56605|4992|1046|0|0
03|V|45 a 49 años|71792|1|71793|42281|69854|7987|1838|0|1
03|V|50 a 54 años|71004|0|71004|44867|68887|9562|3352|0|0
03|V|55 a 59 años|65645|0|65645|41529|63365|9134|3704|0|0
03|V|60 a 64 años|58868|1|58868|40306|56815|7892|3058|0|1
03|V|65 a 69 años|50658|0|50658|35381|48852|3755|1266|0|0
03|V|70 a 74 años|39723|4|39723|27222|38232|1691|468|0|4
03|V|Más de 74 años|62768|0|62768|46921|54038|830|230|0|0
04|M|15 a 17 años|97|0|97|97|0|0|0|0|0
04|M|18 a 20 años|2779|0|2779|190|2691|1|0|0|0
04|M|21 a 24 años|9132|0|9132|282|9104|33|0|0|0
04|M|25 a 29 años|14134|0|14134|528|14111|96|10|0|0
04|M|30 a 34 años|16092|0|16092|1604|16036|165|24|0|0
04|M|35 a 39 años|18657|0|18657|3008|18572|223|34|0|0
04|M|40 a 44 años|20947|0|20947|4549|20804|319|87|0|0
04|M|45 a 49 años|23477|0|23477|6258|23094|353|90|0|0
04|M|50 a 54 años|21645|0|21645|6237|21161|321|93|0|0
04|M|55 a 59 años|19193|0|19193|4769|18698|326|70|0|0
04|M|60 a 64 años|15610|0|15610|3544|15178|287|45|0|0
04|M|65 a 69 años|11856|0|11856|2474|11504|201|17|0|0
04|M|70 a 74 años|6593|0|6593|1391|6296|104|4|0|0
04|M|Más de 74 años|4949|0|4949|1315|4473|16|2|0|0
04|V|15 a 17 años|843|0|843|843|0|0|0|0|0
04|V|18 a 20 años|5220|0|5220|1420|4676|11|0|0|0
04|V|21 a 24 años|11988|0|11988|2078|11759|420|7|0|0
04|V|25 a 29 años|17859|0|17859|3123|17710|1354|77|0|0
04|V|30 a 34 años|20245|0|20245|5823|20097|2087|173|0|0
04|V|35 a 39 años|23090|0|23090|10198|22874|3200|393|0|0
04|V|40 a 44 años|25548|0|25548|12594|25254|4447|787|0|0
04|V|45 a 49 años|29961|0|29961|15540|29159|5757|1282|0|0
04|V|50 a 54 años|27962|1|27962|15305|26995|5738|2044|0|1
04|V|55 a 59 años|25051|0|25051|14235|24041|4764|2060|0|0
04|V|60 a 64 años|21766|1|21766|13606|20720|3814|1627|0|1
04|V|65 a 69 años|18298|0|18298|12552|17257|1874|655|0|0
04|V|70 a 74 años|13458|3|13458|9666|12488|710|204|0|3
04|V|Más de 74 años|19122|3|19122|15110|14289|221|76|0|3
05|M|15 a 17 años|22|1|23|22|0|0|0|0|1
05|M|18 a 20 años|649|0|649|58|639|0|0|0|0
05|M|21 a 24 años|1808|0|1808|90|1804|7|0|0|0
05|M|25 a 29 años|2735|0|2735|109|2734|13|1|0|0
05|M|30 a 34 años|2960|0|2960|333|2955|17|1|0|0
05|M|35 a 39 años|3464|0|3464|486|3455|30|10|0|0
05|M|40 a 44 años|3976|0|3976|652|3969|50|16|0|0
05|M|45 a 49 años|4761|0|4761|823|4720|54|19|0|0
05|M|50 a 54 años|4818|0|4818|959|4761|45|23|0|0
05|M|55 a 59 años|4735|0|4735|560|4684|23|5|0|0
05|M|60 a 64 años|4300|0|4300|418|4252|19|10|0|0
05|M|65 a 69 años|3266|0|3266|275|3220|6|3|0|0
05|M|70 a 74 años|1752|0|1752|131|1712|0|0|0|0
05|M|Más de 74 años|1345|0|1345|147|1280|0|0|0|0
05|V|15 a 17 años|192|0|192|192|0|0|0|0|0
05|V|18 a 20 años|1109|4|1112|266|1057|0|0|0|4
05|V|21 a 24 años|2196|2|2198|378|2185|70|0|0|2
05|V|25 a 29 años|3087|0|3087|563|3074|194|30|0|0
05|V|30 a 34 años|3459|0|3459|1109|3449|294|44|0|0
05|V|35 a 39 años|3875|0|3875|1627|3852|531|101|0|0
05|V|40 a 44 años|4359|0|4359|1986|4336|776|231|0|0
05|V|45 a 49 años|5432|0|5432|2421|5372|974|286|0|0
05|V|50 a 54 años|5657|0|5657|2623|5576|1068|431|0|0
05|V|55 a 59 años|5722|0|5722|2195|5624|1032|571|0|0
05|V|60 a 64 años|5917|1|5917|2373|5787|901|430|0|1
05|V|65 a 69 años|5520|1|5520|2346|5368|472|182|0|1
05|V|70 a 74 años|4357|2|4357|1849|4181|169|88|0|2
05|V|Más de 74 años|7608|7|7610|4707|5813|64|22|0|7
06|M|15 a 17 años|196|0|196|196|0|0|0|0|0
06|M|18 a 20 años|2991|0|2991|358|2874|0|0|0|0
06|M|21 a 24 años|9004|0|9004|461|8973|38|5|0|0
06|M|25 a 29 años|13507|0|13507|538|13492|111|30|0|0
06|M|30 a 34 años|15591|0|15591|1435|15571|141|44|0|0
06|M|35 a 39 años|17874|0|17874|2307|17845|171|61|0|0
06|M|40 a 44 años|19065|0|19065|3076|19007|192|72|0|0
06|M|45 a 49 años|21458|0|21458|3706|21289|220|74|0|0
06|M|50 a 54 años|20545|0|20545|4196|20201|132|69|0|0
06|M|55 a 59 años|18729|1|18729|3030|18365|89|57|0|1
06|M|60 a 64 años|15300|0|15300|2009|14927|41|26|0|0
06|M|65 a 69 años|10262|1|10262|1289|9936|7|3|0|1
06|M|70 a 74 años|5377|0|5377|618|5130|5|0|0|0
06|M|Más de 74 años|3631|0|3631|471|3395|1|1|0|0
06|V|15 a 17 años|1196|24|1213|1196|0|0|0|0|24
06|V|18 a 20 años|5888|4|5889|1718|5422|8|0|0|4
06|V|21 a 24 años|11306|1|11307|2135|11194|298|14|0|1
06|V|25 a 29 años|15626|0|15626|3167|15575|934|65|0|0
06|V|30 a 34 años|17433|1|17433|6652|17368|1404|138|0|1
06|V|35 a 39 años|19512|0|19512|9795|19409|2418|309|0|0
06|V|40 a 44 años|20912|2|20913|11442|20775|3440|569|0|2
06|V|45 a 49 años|23510|3|23510|12393|23137|3978|893|0|3
06|V|50 a 54 años|24584|6|24585|14146|23858|4259|1656|0|6
06|V|55 a 59 años|24166|17|24170|12893|23313|3712|1835|2|15
06|V|60 a 64 años|23647|20|23647|13504|22508|3167|1440|0|20
06|V|65 a 69 años|20027|23|20027|13839|18727|1289|501|0|23
06|V|70 a 74 años|14559|34|14559|10320|13298|388|200|0|34
06|V|Más de 74 años|26373|78|26374|21458|17519|216|102|0|78
07|M|15 a 17 años|883|0|883|883|0|0|0|0|0
07|M|18 a 20 años|4356|0|4356|1512|3617|0|0|0|0
07|M|21 a 24 años|13038|0|13038|2117|12778|24|1|0|0
07|M|25 a 29 años|22660|0|22660|4133|22466|163|50|0|0
07|M|30 a 34 años|31405|0|31405|7930|31163|356|140|0|0
07|M|35 a 39 años|35173|0|35173|12293|34814|500|249|0|0
07|M|40 a 44 años|42135|0|42135|18507|41672|987|498|0|0
07|M|45 a 49 años|42842|0|42842|17016|41932|768|364|0|0
07|M|50 a 54 años|39038|0|39038|17609|37864|555|233|0|0
07|M|55 a 59 años|33763|1|33764|14544|32633|532|121|1|0
07|M|60 a 64 años|28080|2|28080|10975|27105|407|72|1|1
07|M|65 a 69 años|22559|0|22559|6575|21713|172|16|0|0
07|M|70 a 74 años|15967|0|15967|4043|15200|88|7|0|0
07|M|Más de 74 años|19158|0|19158|6474|15809|34|2|0|0
07|V|15 a 17 años|2231|2|2232|2231|0|0|0|0|2
07|V|18 a 20 años|7984|2|7985|3771|6449|8|0|0|2
07|V|21 a 24 años|17189|0|17189|5359|16596|253|19|0|0
07|V|25 a 29 años|22412|0|22412|6386|22053|737|164|0|0
07|V|30 a 34 años|22804|0|22804|9241|22461|1023|305|0|0
07|V|35 a 39 años|27215|0|27215|13605|26848|1685|672|0|0
07|V|40 a 44 años|29611|0|29611|15089|29191|2302|966|0|0
07|V|45 a 49 años|40699|0|40699|25111|39516|4014|1611|0|0
07|V|50 a 54 años|43209|1|43209|28603|41703|4870|2399|0|1
07|V|55 a 59 años|38326|0|38326|25936|36866|4566|2435|0|0
07|V|60 a 64 años|32372|1|32372|22710|30938|4138|2097|0|1
07|V|65 a 69 años|26134|3|26134|18749|24898|1857|803|0|3
07|V|70 a 74 años|20242|2|20242|14330|19082|753|316|0|2
07|V|Más de 74 años|32941|10|32941|26466|26755|352|134|0|10
08|M|15 a 17 años|990|0|990|990|0|0|0|0|0
08|M|18 a 20 años|17618|0|17618|2653|16630|14|0|0|0
08|M|21 a 24 años|61212|0|61212|5010|60752|118|10|0|0
08|M|25 a 29 años|94579|0|94579|8885|94033|351|93|0|0
08|M|30 a 34 años|110356|0|110356|18104|109557|456|202|0|0
08|M|35 a 39 años|122331|0|122331|25469|121314|584|434|0|0
08|M|40 a 44 años|142430|0|142430|35029|141010|975|680|0|0
08|M|45 a 49 años|173307|0|173307|49192|170001|1000|713|0|0
08|M|50 a 54 años|172557|0|172557|58238|167245|820|620|0|0
08|M|55 a 59 años|147091|0|147091|43293|142638|698|483|0|0
08|M|60 a 64 años|119730|0|119730|32192|116496|415|208|0|0
08|M|65 a 69 años|97420|0|97420|20120|95161|160|72|0|0
08|M|70 a 74 años|62947|0|62947|9972|61314|60|17|0|0
08|M|Más de 74 años|54632|0|54632|10707|51168|13|2|0|0
08|V|15 a 17 años|3291|12|3300|3291|0|0|0|0|12
08|V|18 a 20 años|32378|12|32387|8696|29701|49|1|0|12
08|V|21 a 24 años|80060|2|80061|15647|78857|832|35|0|2
08|V|25 a 29 años|110352|1|110353|25486|109111|2490|436|0|1
08|V|30 a 34 años|123757|1|123758|41349|122291|3695|935|0|1
08|V|35 a 39 años|138494|0|138494|57037|136906|6023|2014|0|0
08|V|40 a 44 años|157379|0|157379|72821|155603|10183|3616|0|0
08|V|45 a 49 años|205410|0|205410|104492|200331|16355|5751|0|0
08|V|50 a 54 años|214493|0|214493|121851|207276|20350|8507|0|0
08|V|55 a 59 años|186696|1|186696|100932|180352|18399|8657|0|1
08|V|60 a 64 años|157131|0|157131|88485|151829|17197|7587|0|0
08|V|65 a 69 años|130424|3|130424|70999|126441|8029|3294|0|3
08|V|70 a 74 años|102058|2|102058|49844|98834|3269|1527|0|2
08|V|Más de 74 años|161126|1|161127|93672|144467|1873|759|1|0
09|M|15 a 17 años|28|0|28|28|0|0|0|0|0
09|M|18 a 20 años|899|0|899|43|889|0|0|0|0
09|M|21 a 24 años|3537|0|3537|125|3532|5|0|0|0
09|M|25 a 29 años|5674|0|5674|194|5665|18|2|0|0
09|M|30 a 34 años|5944|0|5944|367|5931|28|11|0|0
09|M|35 a 39 años|7440|0|7440|547|7434|64|20|0|0
09|M|40 a 44 años|8822|0|8822|770|8805|87|36|0|0
09|M|45 a 49 años|10852|0|10852|1020|10814|130|54|0|0
09|M|50 a 54 años|11106|0|11106|1262|11035|90|51|0|0
09|M|55 a 59 años|10426|0|10426|906|10356|62|37|0|0
09|M|60 a 64 años|9334|0|9334|656|9251|44|26|0|0
09|M|65 a 69 años|7294|0|7294|463|7209|19|9|0|0
09|M|70 a 74 años|4195|0|4195|286|4118|4|2|0|0
09|M|Más de 74 años|3043|0|3043|441|2774|1|1|0|0
09|V|15 a 17 años|165|15|178|165|0|0|0|0|15
09|V|18 a 20 años|1953|4|1957|321|1877|0|0|0|4
09|V|21 a 24 años|4799|1|4800|547|4789|88|1|0|1
09|V|25 a 29 años|6975|0|6975|1056|6948|302|33|0|0
09|V|30 a 34 años|7673|0|7673|1727|7639|486|56|0|0
09|V|35 a 39 años|8801|0|8801|2655|8775|892|145|0|0
09|V|40 a 44 años|10302|3|10303|3422|10254|1370|265|0|3
09|V|45 a 49 años|13004|0|13004|4562|12917|1983|478|0|0
09|V|50 a 54 años|13451|0|13451|4861|13295|2445|1030|0|0
09|V|55 a 59 años|12997|2|12997|4165|12868|2369|1270|0|2
09|V|60 a 64 años|12577|2|12577|3999|12409|2249|1140|0|2
09|V|65 a 69 años|11701|3|11701|4183|11497|913|385|0|3
09|V|70 a 74 años|9199|6|9200|3510|8934|244|100|0|6
09|V|Más de 74 años|15055|18|15055|9345|12247|88|36|0|18
10|M|15 a 17 años|52|0|52|52|0|0|0|0|0
10|M|18 a 20 años|1478|0|1478|101|1441|0|0|0|0
10|M|21 a 24 años|4853|0|4853|133|4850|12|1|0|0
10|M|25 a 29 años|7235|0|7235|236|7233|43|8|0|0
10|M|30 a 34 años|8574|0|8574|781|8570|76|14|0|0
10|M|35 a 39 años|10030|0|10030|1029|10019|96|15|0|0
10|M|40 a 44 años|10511|0|10511|1432|10494|92|41|0|0
10|M|45 a 49 años|11748|0|11748|1648|11695|68|41|0|0
10|M|50 a 54 años|11856|0|11856|1884|11725|85|36|0|0
10|M|55 a 59 años|11454|0|11454|1257|11331|48|32|0|0
10|M|60 a 64 años|10329|1|10329|1041|10171|26|11|0|1
10|M|65 a 69 años|7436|0|7436|869|7235|11|4|0|0
10|M|70 a 74 años|3808|0|3808|373|3675|3|1|0|0
10|M|Más de 74 años|2520|0|2520|298|2330|1|1|0|0
10|V|15 a 17 años|337|2|339|337|0|0|0|0|2
10|V|18 a 20 años|2752|0|2752|605|2623|1|0|0|0
10|V|21 a 24 años|5773|0|5773|814|5742|145|2|0|0
10|V|25 a 29 años|8318|0|8318|1316|8299|516|43|0|0
10|V|30 a 34 años|8887|0|8887|2957|8864|762|89|0|0
10|V|35 a 39 años|10295|0|10295|4486|10250|1253|167|0|0
10|V|40 a 44 años|11686|0|11686|5545|11641|1846|333|0|0
10|V|45 a 49 años|13238|1|13238|6117|13032|2214|504|0|1
10|V|50 a 54 años|13635|1|13635|6389|13321|2263|870|0|1
10|V|55 a 59 años|14287|3|14287|5685|13915|2065|988|0|3
10|V|60 a 64 años|14841|8|14841|6601|14334|1981|891|0|8
10|V|65 a 69 años|13438|13|13440|6519|12816|893|343|0|13
10|V|70 a 74 años|9843|15|9845|4710|9261|285|130|0|15
10|V|Más de 74 años|15974|24|15975|10447|11680|150|72|0|24
11|M|15 a 17 años|1095|0|1095|1095|0|0|0|0|0
11|M|18 a 20 años|6838|0|6838|2111|5730|0|0|0|0
11|M|21 a 24 años|17006|0|17006|2391|16602|26|3|0|0
11|M|25 a 29 años|23743|0|23743|2800|23630|89|15|0|0
11|M|30 a 34 años|27670|0|27670|6559|27484|134|50|0|0
11|M|35 a 39 años|32674|0|32674|10914|32397|132|62|0|0
11|M|40 a 44 años|37289|0|37289|15447|36826|193|98|0|0
11|M|45 a 49 años|43563|0|43563|19572|42187|268|91|0|0
11|M|50 a 54 años|40796|0|40796|18323|38661|194|73|0|0
11|M|55 a 59 años|35725|0|35725|12802|33668|157|46|0|0
11|M|60 a 64 años|27588|0|27588|8544|25622|90|18|0|0
11|M|65 a 69 años|19890|0|19890|5156|18520|28|5|0|0
11|M|70 a 74 años|10860|0|10860|1943|10076|17|2|0|0
11|M|Más de 74 años|7412|0|7412|1245|6715|4|0|0|0
11|V|15 a 17 años|2972|1|2973|2972|0|0|0|0|1
11|V|18 a 20 años|10928|0|10928|4981|8895|6|0|0|0
11|V|21 a 24 años|21375|0|21375|6342|20538|305|13|0|0
11|V|25 a 29 años|27240|0|27240|7561|26871|982|108|0|0
11|V|30 a 34 años|28914|0|28914|13371|28512|1369|178|0|0
11|V|35 a 39 años|34228|0|34228|21242|33743|2317|394|0|0
11|V|40 a 44 años|39358|0|39358|27232|38808|3763|791|0|0
11|V|45 a 49 años|47868|1|47868|33477|46157|5187|1167|0|1
11|V|50 a 54 años|47895|1|47896|33918|45401|5720|1871|0|1
11|V|55 a 59 años|45231|1|45231|30582|42170|4821|1974|0|1
11|V|60 a 64 años|39494|2|39494|27787|35849|3524|1491|0|2
11|V|65 a 69 años|33949|4|33949|24747|30416|1511|649|0|4
11|V|70 a 74 años|24668|3|24668|17387|21930|549|254|0|3
11|V|Más de 74 años|37276|16|37276|29155|25067|233|109|0|16
12|M|15 a 17 años|361|0|361|361|0|0|0|0|0
12|M|18 a 20 años|2749|0|2749|670|2400|0|0|0|0
12|M|21 a 24 años|7630|0|7630|787|7517|13|0|0|0
12|M|25 a 29 años|10633|0|10633|876|10594|38|5|0|0
12|M|30 a 34 años|11927|0|11927|1893|11872|55|7|0|0
12|M|35 a 39 años|14267|0|14267|3250|14209|105|28|0|0
12|M|40 a 44 años|16434|0|16434|4626|16352|120|39|0|0
12|M|45 a 49 años|20955|0|20955|7425|20631|135|47|0|0
12|M|50 a 54 años|19979|0|19979|8409|19532|121|52|0|0
12|M|55 a 59 años|18216|0|18216|6887|17780|77|34|0|0
12|M|60 a 64 años|15112|0|15112|5323|14596|52|28|0|0
12|M|65 a 69 años|12048|0|12048|3239|11590|27|4|0|0
12|M|70 a 74 años|7773|0|7773|1525|7348|15|1|0|0
12|M|Más de 74 años|7013|0|7013|2364|5485|5|0|0|0
12|V|15 a 17 años|1014|1|1014|1014|0|0|0|0|1
12|V|18 a 20 años|4479|1|4479|1562|3915|0|0|0|1
12|V|21 a 24 años|9714|0|9714|2403|9499|153|1|0|0
12|V|25 a 29 años|12982|0|12982|3399|12892|458|23|0|0
12|V|30 a 34 años|13741|0|13741|5338|13625|779|57|0|0
12|V|35 a 39 años|14931|0|14931|7595|14789|1290|155|0|0
12|V|40 a 44 años|18590|0|18590|10685|18458|2135|356|0|0
12|V|45 a 49 años|24438|0|24438|15067|23967|3242|654|0|0
12|V|50 a 54 años|23962|0|23962|15764|23395|3376|1092|0|0
12|V|55 a 59 años|21978|0|21978|14503|21345|3139|1316|0|0
12|V|60 a 64 años|19075|2|19075|13675|18496|2485|1133|0|2
12|V|65 a 69 años|16029|5|16029|12147|15531|954|356|0|5
12|V|70 a 74 años|12435|3|12435|9588|11914|326|131|0|3
12|V|Más de 74 años|21394|28|21394|18189|17213|158|50|0|28
13|M|15 a 17 años|119|1|120|119|0|0|0|0|1
13|M|18 a 20 años|1808|0|1808|201|1703|0|0|0|0
13|M|21 a 24 años|5834|0|5834|296|5795|18|0|0|0
13|M|25 a 29 años|9605|0|9605|393|9591|51|4|0|0
13|M|30 a 34 años|10907|0|10907|1047|10884|46|10|0|0
13|M|35 a 39 años|12604|0|12604|1933|12568|77|22|0|0
13|M|40 a 44 años|13855|0|13855|2826|13812|194|51|0|0
13|M|45 a 49 años|15365|0|15365|2852|15221|195|54|0|0
13|M|50 a 54 años|15003|0|15003|3483|14693|109|53|0|0
13|M|55 a 59 años|14015|0|14015|2439|13704|73|28|0|0
13|M|60 a 64 años|11674|0|11674|1793|11310|50|19|0|0
13|M|65 a 69 años|8235|0|8235|1036|7930|13|6|0|0
13|M|70 a 74 años|3949|0|3949|451|3745|4|2|0|0
13|M|Más de 74 años|2682|1|2682|411|2414|1|1|0|1
13|V|15 a 17 años|675|31|696|675|0|0|0|0|31
13|V|18 a 20 años|3494|20|3510|957|3188|3|0|0|20
13|V|21 a 24 años|7577|3|7579|1288|7470|164|2|0|3
13|V|25 a 29 años|11146|2|11148|2117|11097|632|31|0|2
13|V|30 a 34 años|13001|1|13002|4707|12937|1056|70|0|1
13|V|35 a 39 años|13675|1|13675|6691|13582|1625|183|0|1
13|V|40 a 44 años|14500|0|14500|7422|14389|2217|407|0|0
13|V|45 a 49 años|17153|2|17155|8678|16823|2780|564|0|2
13|V|50 a 54 años|17276|4|17280|9288|16760|2943|1087|0|4
13|V|55 a 59 años|17469|7|17470|8701|16893|2948|1463|0|7
13|V|60 a 64 años|17151|13|17152|9896|16369|2764|1321|0|13
13|V|65 a 69 años|14672|28|14672|9313|13767|1272|485|0|28
13|V|70 a 74 años|10336|48|10336|6270|9421|403|177|0|48
13|V|Más de 74 años|21338|122|21338|17056|12915|181|76|0|122
14|M|15 a 17 años|338|0|338|338|0|0|0|0|0
14|M|18 a 20 años|3120|0|3120|674|2727|0|0|0|0
14|M|21 a 24 años|9741|0|9741|1021|9574|18|0|0|0
14|M|25 a 29 años|15215|1|15216|1270|15171|64|11|0|1
14|M|30 a 34 años|18204|0|18204|2734|18149|108|31|0|0
14|M|35 a 39 años|20484|0|20484|3526|20416|188|48|0|0
14|M|40 a 44 años|21527|0|21527|4972|21395|234|81|0|0
14|M|45 a 49 años|24383|0|24383|6287|24042|237|91|0|0
14|M|50 a 54 años|23470|0|23470|6962|22857|174|74|0|0
14|M|55 a 59 años|22222|0|22222|5427|21516|120|55|0|0
14|M|60 a 64 años|18133|1|18133|3702|17467|58|18|0|1
14|M|65 a 69 años|12628|0|12628|2467|12018|16|3|0|0
14|M|70 a 74 años|6124|1|6124|979|5768|11|1|0|1
14|M|Más de 74 años|3694|0|3694|691|3281|1|0|0|0
14|V|15 a 17 años|1413|2|1414|1413|0|0|0|0|2
14|V|18 a 20 años|5859|3|5861|2193|5029|3|0|0|3
14|V|21 a 24 años|12730|0|12730|2924|12477|241|3|0|0
14|V|25 a 29 años|17766|0|17766|4296|17659|828|59|0|0
14|V|30 a 34 años|19139|0|19139|7885|19019|1216|112|0|0
14|V|35 a 39 años|21374|0|21374|11885|21233|2158|298|0|0
14|V|40 a 44 años|23370|1|23371|14636|23210|3222|545|0|1
14|V|45 a 49 años|27254|0|27254|17235|26690|4079|930|0|0
14|V|50 a 54 años|27209|0|27209|18057|26367|4329|1594|0|0
14|V|55 a 59 años|27786|3|27787|17729|26624|4200|1964|1|2
14|V|60 a 64 años|26620|3|26620|18232|25335|3682|1627|0|3
14|V|65 a 69 años|22776|7|22776|16897|21503|1586|662|0|7
14|V|70 a 74 años|16398|4|16398|12265|15243|502|249|0|4
14|V|Más de 74 años|27856|12|27856|22992|18547|251|120|0|12
15|M|15 a 17 años|69|1|70|69|0|0|0|0|1
15|M|18 a 20 años|3780|1|3781|163|3752|0|0|0|1
15|M|21 a 24 años|11902|0|11902|252|11894|22|0|0|0
15|M|25 a 29 años|17568|0|17568|467|17552|71|21|0|0
15|M|30 a 34 años|23011|0|23011|1644|22977|173|45|0|0
15|M|35 a 39 años|30384|0|30384|2635|30348|442|132|0|0
15|M|40 a 44 años|35465|0|35465|3691|35400|440|186|0|0
15|M|45 a 49 años|42800|0|42800|5564|42624|444|206|0|0
15|M|50 a 54 años|41249|1|41249|7139|40940|324|198|0|1
15|M|55 a 59 años|37752|2|37752|4663|37430|221|139|0|2
15|M|60 a 64 años|32027|4|32027|2968|31701|129|76|0|4
15|M|65 a 69 años|27089|18|27090|2116|26752|55|25|0|18
15|M|70 a 74 años|18492|22|18494|1452|18102|24|7|0|22
15|M|Más de 74 años|17362|36|17362|1971|16330|9|4|0|36
15|V|15 a 17 años|561|45|600|561|0|0|0|0|45
15|V|18 a 20 años|5866|18|5881|1044|5659|3|0|0|18
15|V|21 a 24 años|14162|0|14162|1677|14106|222|6|0|0
15|V|25 a 29 años|19890|0|19890|3063|19844|701|85|0|0
15|V|30 a 34 años|20184|2|20186|5911|20096|1190|198|0|2
15|V|35 a 39 años|21107|1|21108|8688|20988|1884|407|0|1
15|V|40 a 44 años|31291|1|31291|14248|31094|3683|866|0|1
15|V|45 a 49 años|42423|0|42423|20421|41742|5610|1330|0|0
15|V|50 a 54 años|42884|4|42886|22175|41848|6162|2770|1|3
15|V|55 a 59 años|38792|8|38792|17253|37866|5863|3207|0|8
15|V|60 a 64 años|35622|13|35622|16017|34470|5101|2653|0|13
15|V|65 a 69 años|32597|24|32598|15186|31233|2495|1120|0|24
15|V|70 a 74 años|26740|51|26744|11699|25349|984|428|0|51
15|V|Más de 74 años|48749|200|48749|24821|40222|669|305|0|200
16|M|15 a 17 años|40|0|40|40|0|0|0|0|0
16|M|18 a 20 años|1021|0|1021|94|1002|0|0|0|0
16|M|21 a 24 años|2838|0|2838|129|2835|14|0|0|0
16|M|25 a 29 años|4071|0|4071|186|4066|25|4|0|0
16|M|30 a 34 años|4413|0|4413|556|4399|40|3|0|0
16|M|35 a 39 años|4907|0|4907|735|4899|55|11|0|0
16|M|40 a 44 años|4997|0|4997|716|4992|57|16|0|0
16|M|45 a 49 años|5673|0|5673|873|5645|65|25|0|0
16|M|50 a 54 años|5701|0|5701|1022|5647|59|25|0|0
16|M|55 a 59 años|5754|0|5754|698|5688|28|17|0|0
16|M|60 a 64 años|5024|0|5024|635|4902|20|11|0|0
16|M|65 a 69 años|3422|1|3422|384|3334|5|2|0|1
16|M|70 a 74 años|1607|0|1607|175|1534|2|0|0|0
16|M|Más de 74 años|1114|0|1114|241|953|1|0|0|0
16|V|15 a 17 años|228|10|236|228|0|0|0|0|10
16|V|18 a 20 años|1562|4|1566|340|1513|1|0|0|4
16|V|21 a 24 años|3419|3|3422|613|3402|134|2|0|3
16|V|25 a 29 años|4931|0|4931|1075|4923|396|26|0|0
16|V|30 a 34 años|5144|0|5144|2019|5134|582|50|0|0
16|V|35 a 39 años|5529|0|5529|2683|5512|877|102|0|0
16|V|40 a 44 años|5870|0|5870|2812|5849|1229|234|0|0
16|V|45 a 49 años|6767|1|6768|2971|6694|1525|340|0|1
16|V|50 a 54 años|6814|0|6814|3086|6730|1490|560|0|0
16|V|55 a 59 años|7307|1|7307|2975|7208|1539|825|0|1
16|V|60 a 64 años|7211|7|7211|3562|7062|1377|661|0|7
16|V|65 a 69 años|6374|10|6374|3797|6191|597|229|0|10
16|V|70 a 74 años|4354|18|4354|2949|4130|167|79|0|18
16|V|Más de 74 años|9963|93|9963|8506|6457|92|38|0|93
17|M|15 a 17 años|456|2|458|456|0|0|0|0|2
17|M|18 a 20 años|3214|1|3215|1065|2738|0|0|0|1
17|M|21 a 24 años|9581|0|9581|1570|9381|22|1|0|0
17|M|25 a 29 años|14453|0|14453|2345|14365|65|1|0|0
17|M|30 a 34 años|15955|0|15955|4445|15844|107|6|0|0
17|M|35 a 39 años|17619|0|17619|6061|17463|104|26|0|0
17|M|40 a 44 años|21040|0|21040|8306|20820|213|67|0|0
17|M|45 a 49 años|25720|0|25720|11185|25229|200|68|0|0
17|M|50 a 54 años|24451|0|24451|12347|23876|171|72|0|0
17|M|55 a 59 años|21898|0|21898|9193|21385|150|71|0|0
17|M|60 a 64 años|19682|0|19682|7635|19190|97|42|0|0
17|M|65 a 69 años|17074|0|17074|5490|16660|49|25|0|0
17|M|70 a 74 años|12436|0|12436|3482|11963|18|7|0|0
17|M|Más de 74 años|14342|0|14342|5241|12364|7|3|0|0
17|V|15 a 17 años|1551|24|1567|1551|0|0|0|0|24
17|V|18 a 20 años|5739|13|5747|2535|4805|0|0|0|13
17|V|21 a 24 años|12047|3|12050|3201|11746|160|2|0|3
17|V|25 a 29 años|16046|2|16048|4608|15855|545|30|0|2
17|V|30 a 34 años|17776|0|17776|7939|17559|899|104|0|0
17|V|35 a 39 años|19831|0|19831|10585|19576|1398|219|0|0
17|V|40 a 44 años|22870|1|22870|12865|22522|2179|548|0|1
17|V|45 a 49 años|29894|2|29894|18182|29120|3446|832|0|2
17|V|50 a 54 años|29626|0|29626|19774|28811|3718|1434|0|0
17|V|55 a 59 años|26679|2|26679|17155|25951|3537|1556|0|2
17|V|60 a 64 años|23645|0|23645|16226|22991|3111|1421|0|0
17|V|65 a 69 años|20071|0|20071|13983|19509|1420|587|0|0
17|V|70 a 74 años|16077|0|16077|10724|15480|587|268|0|0
17|V|Más de 74 años|25839|5|25839|20674|22086|308|130|0|5
18|M|15 a 17 años|487|0|487|487|0|0|0|0|0
18|M|18 a 20 años|3570|0|3570|821|3107|2|0|0|0
18|M|21 a 24 años|11544|0|11544|1286|11315|29|1|0|0
18|M|25 a 29 años|19057|0|19057|1547|18961|141|20|0|0
18|M|30 a 34 años|22159|0|22159|3690|22060|186|33|0|0
18|M|35 a 39 años|24325|0|24325|5707|24144|214|77|0|0
18|M|40 a 44 años|26342|0|26342|7461|26110|208|111|0|0
18|M|45 a 49 años|30083|0|30083|9835|29522|333|156|0|0
18|M|50 a 54 años|29046|0|29046|10013|28157|304|129|0|0
18|M|55 a 59 años|26842|0|26842|7418|25987|277|102|0|0
18|M|60 a 64 años|22176|1|22176|4821|21445|176|48|0|1
18|M|65 a 69 años|15847|1|15847|2596|15358|72|14|0|1
18|M|70 a 74 años|8273|1|8273|1108|7987|39|3|0|1
18|M|Más de 74 años|5306|0|5306|868|4961|13|2|0|0
18|V|15 a 17 años|1842|4|1843|1842|0|0|0|0|4
18|V|18 a 20 años|6827|3|6829|2952|5522|13|0|0|3
18|V|21 a 24 años|15326|2|15327|4028|14830|361|22|0|2
18|V|25 a 29 años|21371|0|21371|5424|21120|1029|133|0|0
18|V|30 a 34 años|23607|0|23607|9669|23400|1628|259|0|0
18|V|35 a 39 años|26249|0|26249|15030|25944|2568|535|0|0
18|V|40 a 44 años|28878|0|28878|17626|28524|3713|947|0|0
18|V|45 a 49 años|34146|0|34146|21225|33312|4872|1426|0|0
18|V|50 a 54 años|33323|1|33324|21903|32243|5475|2463|0|1
18|V|55 a 59 años|32653|1|32653|21211|31306|5091|2766|0|1
18|V|60 a 64 años|30435|3|30435|20309|28980|4011|2089|0|3
18|V|65 a 69 años|25884|4|25884|17439|24448|1744|868|0|4
18|V|70 a 74 años|18512|9|18512|11945|17322|631|306|0|9
18|V|Más de 74 años|30138|31|30138|22871|21715|311|149|0|31
19|M|15 a 17 años|34|0|34|34|0|0|0|0|0
19|M|18 a 20 años|1308|0|1308|71|1290|0|0|0|0
19|M|21 a 24 años|3906|0|3906|114|3901|10|1|0|0
19|M|25 a 29 años|5292|0|5292|256|5283|39|8|0|0
19|M|30 a 34 años|6037|0|6037|584|6024|50|15|0|0
19|M|35 a 39 años|7853|0|7853|1249|7830|129|34|0|0
19|M|40 a 44 años|9433|0|9433|1394|9402|162|58|0|0
19|M|45 a 49 años|10822|0|10822|1776|10775|150|60|0|0
19|M|50 a 54 años|9737|0|9737|1881|9649|121|57|0|0
19|M|55 a 59 años|7995|0|7995|1025|7908|65|30|0|0
19|M|60 a 64 años|6343|0|6343|670|6267|28|15|0|0
19|M|65 a 69 años|4329|0|4329|446|4247|5|3|0|0
19|M|70 a 74 años|2287|0|2287|175|2240|6|1|0|0
19|M|Más de 74 años|1536|0|1536|151|1466|2|2|0|0
19|V|15 a 17 años|164|3|166|164|0|0|0|0|3
19|V|18 a 20 años|2089|0|2089|366|2031|1|0|0|0
19|V|21 a 24 años|4644|0|4644|564|4627|83|1|0|0
19|V|25 a 29 años|5993|0|5993|967|5971|256|33|0|0
19|V|30 a 34 años|6363|0|6363|1865|6329|378|55|0|0
19|V|35 a 39 años|6781|0|6781|2653|6744|630|148|0|0
19|V|40 a 44 años|8488|0|8488|3549|8446|1107|308|0|0
19|V|45 a 49 años|11474|0|11474|4997|11382|1766|499|0|0
19|V|50 a 54 años|11442|1|11442|5475|11300|1914|734|0|1
19|V|55 a 59 años|10130|0|10130|4139|9987|1647|858|0|0
19|V|60 a 64 años|8693|4|8693|3883|8558|1388|703|0|4
19|V|65 a 69 años|6893|4|6893|3206|6761|626|288|0|4
19|V|70 a 74 años|4817|5|4817|2065|4691|190|90|0|5
19|V|Más de 74 años|7241|23|7241|4514|6230|88|29|0|23
20|M|15 a 17 años|185|0|185|185|0|0|0|0|0
20|M|18 a 20 años|2474|0|2474|514|2223|0|0|0|0
20|M|21 a 24 años|8340|0|8340|914|8205|13|0|0|0
20|M|25 a 29 años|12366|0|12366|1096|12309|52|14|0|0
20|M|30 a 34 años|12299|0|12299|1316|12238|49|29|0|0
20|M|35 a 39 años|14036|0|14036|2079|13970|49|60|0|0
20|M|40 a 44 años|16909|0|16909|2855|16825|94|105|0|0
20|M|45 a 49 años|22157|0|22157|3961|21953|129|151|0|0
20|M|50 a 54 años|23068|0|23068|4228|22764|141|186|0|0
20|M|55 a 59 años|20467|0|20467|3000|20184|160|147|0|0
20|M|60 a 64 años|17931|0|17931|2218|17697|115|79|0|0
20|M|65 a 69 años|14846|1|14846|1556|14655|28|27|0|1
20|M|70 a 74 años|9709|0|9709|981|9514|6|5|0|0
20|M|Más de 74 años|7928|0|7928|1130|7534|1|1|0|0
20|V|15 a 17 años|471|1|472|471|0|0|0|0|1
20|V|18 a 20 años|4403|0|4403|1285|4027|1|0|0|0
20|V|21 a 24 años|10866|0|10866|2362|10706|146|4|0|0
20|V|25 a 29 años|14748|0|14748|3380|14658|421|101|0|0
20|V|30 a 34 años|14936|0|14936|4289|14862|620|200|0|0
20|V|35 a 39 años|16143|0|16143|5575|16050|981|394|0|0
20|V|40 a 44 años|19930|1|19931|7968|19827|1555|615|0|1
20|V|45 a 49 años|26239|0|26239|10487|25955|2333|909|0|0
20|V|50 a 54 años|28118|1|28118|12271|27666|3183|1737|0|1
20|V|55 a 59 años|25443|0|25443|10738|24986|3580|2100|0|0
20|V|60 a 64 años|22870|0|22870|9571|22461|3127|1724|0|0
20|V|65 a 69 años|20396|0|20396|9117|19931|1302|653|0|0
20|V|70 a 74 años|16100|3|16101|7022|15600|411|209|0|3
20|V|Más de 74 años|25186|2|25186|14182|22431|158|77|0|2
21|M|15 a 17 años|53|0|53|53|0|0|0|0|0
21|M|18 a 20 años|1762|0|1762|119|1712|0|0|0|0
21|M|21 a 24 años|6184|0|6184|181|6174|14|1|0|0
21|M|25 a 29 años|9778|0|9778|320|9762|61|5|0|0
21|M|30 a 34 años|11023|0|11023|939|11000|84|10|0|0
21|M|35 a 39 años|13374|0|13374|1976|13339|81|19|0|0
21|M|40 a 44 años|15238|0|15238|2881|15188|125|26|0|0
21|M|45 a 49 años|17474|0|17474|3990|17286|140|39|0|0
21|M|50 a 54 años|16143|0|16143|3989|15749|115|44|0|0
21|M|55 a 59 años|13567|0|13567|2477|13233|80|29|0|0
21|M|60 a 64 años|10053|0|10053|1454|9802|50|10|0|0
21|M|65 a 69 años|7009|0|7009|828|6819|15|4|0|0
21|M|70 a 74 años|3638|0|3638|347|3532|22|2|0|0
21|M|Más de 74 años|2174|0|2174|222|2076|10|1|0|0
21|V|15 a 17 años|585|0|585|585|0|0|0|0|0
21|V|18 a 20 años|4070|0|4070|925|3764|3|0|0|0
21|V|21 a 24 años|8669|0|8669|1226|8547|145|7|0|0
21|V|25 a 29 años|12057|0|12057|1675|12005|604|31|0|0
21|V|30 a 34 años|13479|0|13479|3964|13414|949|78|0|0
21|V|35 a 39 años|14839|0|14839|6526|14748|1449|169|0|0
21|V|40 a 44 años|17252|0|17252|9037|17132|2185|383|0|0
21|V|45 a 49 años|20898|0|20898|11316|20479|2979|642|0|0
21|V|50 a 54 años|19958|0|19958|11155|19287|2783|877|0|0
21|V|55 a 59 años|18251|2|18251|9586|17365|2388|967|0|2
21|V|60 a 64 años|15645|5|15645|8558|14672|1603|702|1|4
21|V|65 a 69 años|13218|5|13218|7889|12295|723|282|0|5
21|V|70 a 74 años|9664|3|9664|5763|8839|274|108|0|3
21|V|Más de 74 años|15292|21|15292|11216|10859|120|46|0|21
21|V|Se desconoce|1|0|1|1|1|0|0|0|0
22|M|15 a 17 años|182|0|182|182|0|0|0|0|0
22|M|18 a 20 años|881|0|881|253|766|0|0|0|0
22|M|21 a 24 años|2545|0|2545|206|2527|2|0|0|0
22|M|25 a 29 años|3825|0|3825|300|3819|20|0|0|0
22|M|30 a 34 años|4097|0|4097|605|4079|27|5|0|0
22|M|35 a 39 años|5013|0|5013|873|5004|41|7|0|0
22|M|40 a 44 años|5525|0|5525|1074|5514|59|18|0|0
22|M|45 a 49 años|6919|0|6919|1440|6880|90|28|0|0
22|M|50 a 54 años|6787|0|6787|1542|6717|65|18|0|0
22|M|55 a 59 años|6372|0|6372|1062|6298|31|21|0|0
22|M|60 a 64 años|5963|0|5963|938|5866|12|8|0|0
22|M|65 a 69 años|4903|0|4903|536|4832|5|1|0|0
22|M|70 a 74 años|3129|1|3130|349|3037|2|0|1|0
22|M|Más de 74 años|2560|0|2560|598|2171|1|0|0|0
22|V|15 a 17 años|467|15|476|467|0|0|0|0|15
22|V|18 a 20 años|1597|5|1599|624|1418|0|0|0|5
22|V|21 a 24 años|3349|0|3349|810|3315|82|1|0|0
22|V|25 a 29 años|4770|0|4770|1159|4754|261|13|0|0
22|V|30 a 34 años|5193|0|5193|1949|5170|370|24|0|0
22|V|35 a 39 años|5546|1|5547|2617|5520|680|66|0|1
22|V|40 a 44 años|6781|0|6781|3293|6755|1027|149|0|0
22|V|45 a 49 años|8561|1|8562|4082|8457|1457|282|0|1
22|V|50 a 54 años|8360|0|8360|4299|8245|1407|530|0|0
22|V|55 a 59 años|7927|2|7928|3836|7813|1286|579|0|2
22|V|60 a 64 años|7749|1|7749|4119|7619|1177|577|0|1
22|V|65 a 69 años|6749|0|6749|3874|6618|452|186|0|0
22|V|70 a 74 años|5272|1|5272|3189|5121|105|42|0|1
22|V|Más de 74 años|10068|10|10068|8173|7825|36|9|0|10
23|M|15 a 17 años|127|0|127|127|0|0|0|0|0
23|M|18 a 20 años|2509|0|2509|215|2425|0|0|0|0
23|M|21 a 24 años|8071|0|8071|455|8040|21|0|0|0
23|M|25 a 29 años|13900|0|13900|679|13882|92|14|0|0
23|M|30 a 34 años|16224|0|16224|1830|16197|119|20|0|0
23|M|35 a 39 años|17313|0|17313|2702|17257|197|32|0|0
23|M|40 a 44 años|16924|0|16924|3153|16833|199|75|0|0
23|M|45 a 49 años|18008|0|18008|3652|17771|137|55|0|0
23|M|50 a 54 años|17439|0|17439|3969|17017|127|54|0|0
23|M|55 a 59 años|16351|0|16351|2807|15884|55|23|0|0
23|M|60 a 64 años|13630|0|13630|1869|13220|36|17|0|0
23|M|65 a 69 años|8952|0|8952|941|8647|15|7|0|0
23|M|70 a 74 años|4276|0|4276|355|4134|4|0|0|0
23|M|Más de 74 años|2405|0|2405|263|2249|1|0|0|0
23|V|15 a 17 años|1088|7|1093|1088|0|0|0|0|7
23|V|18 a 20 años|5162|3|5164|1529|4643|4|0|0|3
23|V|21 a 24 años|10952|1|10952|2093|10810|250|1|0|1
23|V|25 a 29 años|14826|0|14826|3283|14770|833|55|0|0
23|V|30 a 34 años|16239|0|16239|6358|16159|1298|104|0|0
23|V|35 a 39 años|16938|0|16938|9013|16838|2055|300|0|0
23|V|40 a 44 años|18185|0|18185|10095|18059|2797|549|0|0
23|V|45 a 49 años|21386|0|21386|11974|20982|3657|858|0|0
23|V|50 a 54 años|21810|2|21810|12643|21155|3617|1341|0|2
23|V|55 a 59 años|22725|1|22725|12151|21820|3474|1661|0|1
23|V|60 a 64 años|22380|9|22380|12497|21274|3001|1383|0|9
23|V|65 a 69 años|18985|6|18985|11202|17820|1301|540|0|6
23|V|70 a 74 años|13079|10|13079|7696|12021|371|195|0|10
23|V|Más de 74 años|21374|22|21374|16047|13979|147|71|0|22
24|M|15 a 17 años|41|0|41|41|0|0|0|0|0
24|M|18 a 20 años|1464|0|1464|110|1436|0|0|0|0
24|M|21 a 24 años|4906|0|4906|171|4901|10|1|0|0
24|M|25 a 29 años|7172|0|7172|243|7164|22|11|0|0
24|M|30 a 34 años|7608|0|7608|511|7595|41|10|0|0
24|M|35 a 39 años|9645|0|9645|928|9635|61|27|0|0
24|M|40 a 44 años|11888|0|11888|1357|11852|124|64|0|0
24|M|45 a 49 años|14240|0|14240|1741|14189|146|93|0|0
24|M|50 a 54 años|14401|0|14401|2118|14304|98|83|0|0
24|M|55 a 59 años|14422|1|14422|1661|14297|57|54|0|1
24|M|60 a 64 años|13581|0|13581|1362|13422|52|30|0|0
24|M|65 a 69 años|11192|0|11192|1019|10981|14|12|0|0
24|M|70 a 74 años|6789|0|6789|580|6564|11|5|0|0
24|M|Más de 74 años|6121|1|6121|1161|5310|3|2|0|1
24|V|15 a 17 años|239|4|243|239|0|0|0|0|4
24|V|18 a 20 años|2508|1|2508|488|2416|2|0|0|1
24|V|21 a 24 años|5450|0|5450|753|5435|119|2|0|0
24|V|25 a 29 años|7900|1|7901|1373|7882|421|38|0|1
24|V|30 a 34 años|8977|0|8977|2564|8952|646|76|0|0
24|V|35 a 39 años|10541|0|10541|3980|10510|1255|177|0|0
24|V|40 a 44 años|13243|0|13243|5532|13187|1991|381|0|0
24|V|45 a 49 años|15857|0|15857|6907|15681|2569|609|0|0
24|V|50 a 54 años|16216|0|16216|7375|15989|2968|1290|0|0
24|V|55 a 59 años|16540|1|16540|6547|16299|2863|1512|0|1
24|V|60 a 64 años|16894|5|16896|6642|16613|3070|1516|0|5
24|V|65 a 69 años|16197|4|16197|6322|15860|1499|620|0|4
24|V|70 a 74 años|12570|5|12570|4625|12213|579|228|0|5
24|V|Más de 74 años|22889|44|22889|13606|18381|454|185|0|44
25|M|15 a 17 años|114|2|116|114|0|0|0|0|2
25|M|18 a 20 años|1792|0|1792|202|1748|0|0|0|0
25|M|21 a 24 años|5333|0|5333|295|5319|17|0|0|0
25|M|25 a 29 años|8072|1|8073|441|8058|64|5|0|1
25|M|30 a 34 años|8429|0|8429|1250|8411|86|12|0|0
25|M|35 a 39 años|9525|0|9525|1728|9504|104|29|0|0
25|M|40 a 44 años|10690|0|10690|2284|10640|144|44|0|0
25|M|45 a 49 años|13401|0|13401|3142|13273|188|52|0|0
25|M|50 a 54 años|12731|0|12731|3148|12555|120|50|0|0
25|M|55 a 59 años|11584|0|11584|2407|11400|67|28|0|0
25|M|60 a 64 años|10699|0|10699|2191|10509|37|21|0|0
25|M|65 a 69 años|8543|0|8543|1313|8382|11|5|0|0
25|M|70 a 74 años|5650|1|5651|775|5449|5|2|0|1
25|M|Más de 74 años|5351|2|5351|1289|4597|0|0|0|2
25|V|15 a 17 años|627|44|658|627|0|0|0|0|44
25|V|18 a 20 años|3612|32|3635|1023|3417|0|0|0|32
25|V|21 a 24 años|7360|3|7363|1346|7311|209|3|0|3
25|V|25 a 29 años|9478|4|9481|2107|9440|631|44|0|4
25|V|30 a 34 años|10110|0|10110|3566|10065|917|102|0|0
25|V|35 a 39 años|11119|1|11119|5072|11064|1424|269|0|1
25|V|40 a 44 años|13211|1|13212|6159|13132|2183|509|0|1
25|V|45 a 49 años|16951|1|16951|8156|16707|3057|892|0|1
25|V|50 a 54 años|17000|1|17001|9017|16703|3021|1223|0|1
25|V|55 a 59 años|15451|2|15453|8041|15154|2761|1357|0|2
25|V|60 a 64 años|14022|2|14022|8131|13667|2420|1163|0|2
25|V|65 a 69 años|11693|4|11693|7098|11370|996|418|0|4
25|V|70 a 74 años|8965|2|8965|5535|8691|298|130|0|2
25|V|Más de 74 años|16014|4|16014|13044|12881|154|51|0|4
26|M|15 a 17 años|74|0|74|74|0|0|0|0|0
26|M|18 a 20 años|878|0|878|135|831|0|0|0|0
26|M|21 a 24 años|3369|0|3369|158|3352|8|0|0|0
26|M|25 a 29 años|5290|0|5290|236|5276|11|4|0|0
26|M|30 a 34 años|5850|0|5850|479|5841|21|15|0|0
26|M|35 a 39 años|6978|0|6978|864|6944|38|14|0|0
26|M|40 a 44 años|8333|0|8333|1085|8302|64|31|0|0
26|M|45 a 49 años|10509|0|10509|1570|10438|86|34|0|0
26|M|50 a 54 años|9918|0|9918|1943|9783|40|27|0|0
26|M|55 a 59 años|8894|1|8894|1482|8749|45|19|0|1
26|M|60 a 64 años|7533|0|7533|1014|7394|18|11|0|0
26|M|65 a 69 años|5959|0|5959|604|5848|4|2|0|0
26|M|70 a 74 años|3309|0|3309|324|3199|1|1|0|0
26|M|Más de 74 años|2326|0|2326|561|1942|0|0|0|0
26|V|15 a 17 años|414|4|417|414|0|0|0|0|4
26|V|18 a 20 años|2118|3|2121|570|1956|0|0|0|3
26|V|21 a 24 años|4827|1|4828|885|4769|92|4|0|1
26|V|25 a 29 años|6613|0|6613|1181|6569|231|30|0|0
26|V|30 a 34 años|7056|0|7056|2102|7011|388|77|0|0
26|V|35 a 39 años|8083|0|8083|3076|8021|652|144|0|0
26|V|40 a 44 años|9895|0|9895|4104|9840|1094|280|0|0
26|V|45 a 49 años|12583|0|12583|5147|12454|1564|399|0|0
26|V|50 a 54 años|12766|0|12766|5783|12569|1781|699|0|0
26|V|55 a 59 años|11522|1|11522|4845|11355|1550|754|0|1
26|V|60 a 64 años|10447|1|10447|4777|10280|1305|618|0|1
26|V|65 a 69 años|9407|4|9407|4564|9231|579|228|0|4
26|V|70 a 74 años|7022|1|7022|3927|6866|159|73|0|1
26|V|Más de 74 años|11628|23|11630|8423|9486|58|22|0|23
27|M|15 a 17 años|22|1|23|22|0|0|0|0|1
27|M|18 a 20 años|1002|1|1003|97|989|0|0|0|1
27|M|21 a 24 años|3049|0|3049|175|3046|15|0|0|0
27|M|25 a 29 años|5043|0|5043|268|5039|54|10|0|0
27|M|30 a 34 años|5952|0|5952|542|5940|62|18|0|0
27|M|35 a 39 años|7883|0|7883|1085|7871|201|41|0|0
27|M|40 a 44 años|10606|0|10606|1589|10584|426|95|0|0
27|M|45 a 49 años|11213|1|11213|1760|11163|196|82|0|1
27|M|50 a 54 años|10689|1|10690|1944|10616|150|93|0|1
27|M|55 a 59 años|10780|1|10781|1592|10698|126|68|0|1
27|M|60 a 64 años|9896|2|9896|1343|9772|63|23|0|2
27|M|65 a 69 años|8565|11|8566|1100|8368|26|8|0|11
27|M|70 a 74 años|5742|10|5742|836|5486|11|2|0|10
27|M|Más de 74 años|6454|20|6454|1890|5204|5|3|0|20
27|V|15 a 17 años|165|28|188|165|0|0|0|0|28
27|V|18 a 20 años|1720|6|1724|387|1674|1|0|0|6
27|V|21 a 24 años|3799|0|3799|611|3790|119|4|0|0
27|V|25 a 29 años|5070|0|5070|1088|5059|371|18|0|0
27|V|30 a 34 años|6386|0|6386|2208|6365|733|63|0|0
27|V|35 a 39 años|7263|0|7263|3186|7225|1247|166|0|0
27|V|40 a 44 años|7971|0|7971|4132|7934|1711|305|0|0
27|V|45 a 49 años|11105|2|11105|5807|10979|2566|538|0|2
27|V|50 a 54 años|11138|6|11139|6016|10933|2510|911|0|6
27|V|55 a 59 años|11204|3|11205|5534|10971|2432|1070|0|3
27|V|60 a 64 años|11320|11|11321|5710|11022|2357|1046|0|11
27|V|65 a 69 años|10995|10|10995|5963|10593|1395|559|0|10
27|V|70 a 74 años|9151|27|9152|4925|8708|564|236|0|27
27|V|Más de 74 años|18864|142|18869|12621|14361|308|140|0|142
28|M|15 a 17 años|1033|0|1033|1033|0|0|0|0|0
28|M|18 a 20 años|23222|1|23223|1640|22552|2|1|0|1
28|M|21 a 24 años|75758|0|75758|2321|75556|76|12|0|0
28|M|25 a 29 años|114552|0|114552|4147|114250|255|150|0|0
28|M|30 a 34 años|140806|0|140806|10281|140378|420|302|0|0
28|M|35 a 39 años|162966|0|162966|16380|162604|758|578|0|0
28|M|40 a 44 años|190198|0|190198|20245|189833|1240|924|0|0
28|M|45 a 49 años|220720|0|220720|26158|219842|1271|973|0|0
28|M|50 a 54 años|216148|0|216148|31896|214564|1041|860|0|0
28|M|55 a 59 años|180641|0|180641|22985|179124|738|626|0|0
28|M|60 a 64 años|144492|1|144493|15515|143252|466|344|0|1
28|M|65 a 69 años|108367|0|108367|9576|107344|154|100|0|0
28|M|70 a 74 años|66888|0|66888|3893|66227|37|17|0|0
28|M|Más de 74 años|57798|0|57798|5447|56808|22|6|0|0
28|V|15 a 17 años|2190|5|2195|2190|0|0|0|0|5
28|V|18 a 20 años|35511|7|35517|4456|34236|26|0|0|7
28|V|21 a 24 años|94645|0|94645|8533|94174|893|59|0|0
28|V|25 a 29 años|136372|0|136372|18535|135485|2793|951|0|0
28|V|30 a 34 años|159390|0|159390|36984|158200|4032|1830|0|0
28|V|35 a 39 años|173050|1|173051|52334|172104|7201|3368|0|1
28|V|40 a 44 años|200897|0|200897|65861|200086|12624|5678|0|0
28|V|45 a 49 años|248438|1|248439|86479|245870|19666|8540|0|1
28|V|50 a 54 años|253813|1|253813|96096|249908|23546|11048|0|1
28|V|55 a 59 años|221640|0|221640|78066|218070|21328|11159|0|0
28|V|60 a 64 años|186979|6|186980|66995|183920|18375|9144|0|6
28|V|65 a 69 años|149174|5|149174|53332|146404|8380|3931|0|5
28|V|70 a 74 años|111620|3|111620|34536|109573|3038|1665|0|3
28|V|Más de 74 años|171882|27|171882|72512|162551|2262|1102|0|27
29|M|15 a 17 años|602|0|602|602|0|0|0|0|0
29|M|18 a 20 años|8348|0|8348|1306|7747|0|0|0|0
29|M|21 a 24 años|21798|0|21798|1654|21546|14|2|0|0
29|M|25 a 29 años|30699|0|30699|2236|30544|59|33|0|0
29|M|30 a 34 años|36183|0|36183|5881|35948|80|55|0|0
29|M|35 a 39 años|43231|0|43231|11132|42897|134|105|0|0
29|M|40 a 44 años|53307|0|53307|15024|52811|423|256|0|0
29|M|45 a 49 años|59320|0|59320|18982|58253|503|242|0|0
29|M|50 a 54 años|55652|1|55652|19633|53963|496|147|0|1
29|M|55 a 59 años|47720|0|47720|14666|45994|519|107|0|0
29|M|60 a 64 años|37862|1|37862|10084|36471|441|52|0|1
29|M|65 a 69 años|27190|0|27190|6094|26310|284|18|0|0
29|M|70 a 74 años|15930|0|15930|2658|15502|138|7|0|0
29|M|Más de 74 años|12503|0|12503|2411|12129|37|4|0|0
29|V|15 a 17 años|2478|1|2478|2478|0|0|0|0|1
29|V|18 a 20 años|14153|1|14153|4479|12526|3|0|0|1
29|V|21 a 24 años|28430|0|28430|6003|27827|312|12|0|0
29|V|25 a 29 años|36953|0|36953|8672|36541|978|148|0|0
29|V|30 a 34 años|40396|1|40397|15679|39916|1558|350|0|1
29|V|35 a 39 años|46107|0|46107|24755|45565|2887|718|0|0
29|V|40 a 44 años|53507|0|53507|30317|52890|5021|1329|0|0
29|V|45 a 49 años|63898|0|63898|37934|62334|7090|2094|0|0
29|V|50 a 54 años|64081|2|64081|40117|61761|7913|2917|0|2
29|V|55 a 59 años|58138|4|58139|36421|55333|7095|3026|0|4
29|V|60 a 64 años|50996|13|50997|32186|48229|6097|2568|0|13
29|V|65 a 69 años|41384|6|41384|26016|39015|2862|1044|0|6
29|V|70 a 74 años|31109|8|31109|18625|29074|1206|428|0|8
29|V|Más de 74 años|45070|24|45070|30113|36520|629|263|0|24
30|M|15 a 17 años|538|0|538|538|0|0|0|0|0
30|M|18 a 20 años|7587|1|7588|1048|7140|0|0|0|1
30|M|21 a 24 años|21989|0|21989|1257|21832|54|1|0|0
30|M|25 a 29 años|31268|0|31268|1582|31193|159|14|0|0
30|M|30 a 34 años|34726|0|34726|4427|34633|221|38|0|0
30|M|35 a 39 años|39285|0|39285|8108|39137|299|56|0|0
30|M|40 a 44 años|44292|0|44292|12427|44005|486|144|0|0
30|M|45 a 49 años|50741|0|50741|16500|49874|487|185|0|0
30|M|50 a 54 años|47848|0|47848|17377|46569|468|175|0|0
30|M|55 a 59 años|43710|0|43710|13658|42305|468|121|0|0
30|M|60 a 64 años|35126|0|35126|9982|33565|410|84|0|0
30|M|65 a 69 años|26741|0|26741|5891|25557|274|22|0|0
30|M|70 a 74 años|15759|0|15759|3398|14670|119|3|0|0
30|M|Más de 74 años|13495|0|13495|4488|10651|56|0|0|0
30|V|15 a 17 años|2883|2|2884|2883|0|0|0|0|2
30|V|18 a 20 años|13652|0|13652|4378|12172|27|0|0|0
30|V|21 a 24 años|28497|1|28498|6154|28008|658|3|0|1
30|V|25 a 29 años|37555|0|37555|8177|37299|1940|102|0|0
30|V|30 a 34 años|38281|0|38281|13505|37985|2697|212|0|0
30|V|35 a 39 años|40869|0|40869|21179|40509|4086|482|0|0
30|V|40 a 44 años|48251|0|48251|27744|47786|6424|975|0|0
30|V|45 a 49 años|61545|1|61545|35934|60029|9239|1819|0|1
30|V|50 a 54 años|59586|0|59586|37479|57647|9575|3535|0|0
30|V|55 a 59 años|53734|3|53734|34672|51799|8486|3920|0|3
30|V|60 a 64 años|45871|0|45871|32483|43963|7005|3203|0|0
30|V|65 a 69 años|37156|3|37156|28400|35411|3333|1211|0|3
30|V|70 a 74 años|27126|2|27126|21254|25465|1226|450|0|2
30|V|Más de 74 años|44971|18|44971|38125|34194|558|183|0|18
31|M|15 a 17 años|122|1|123|122|0|0|0|0|1
31|M|18 a 20 años|2387|0|2387|230|2312|0|0|0|0
31|M|21 a 24 años|9009|0|9009|349|8988|14|1|0|0
31|M|25 a 29 años|13058|0|13058|522|13033|42|11|0|0
31|M|30 a 34 años|13056|0|13056|1323|13018|59|17|0|0
31|M|35 a 39 años|14643|0|14643|1891|14612|85|28|0|0
31|M|40 a 44 años|17308|0|17308|2456|17247|116|82|0|0
31|M|45 a 49 años|21351|0|21351|3001|21250|155|100|0|0
31|M|50 a 54 años|21389|0|21389|3557|21200|155|109|0|0
31|M|55 a 59 años|19107|0|19107|2605|18892|95|89|0|0
31|M|60 a 64 años|16256|0|16256|2124|16023|63|47|0|0
31|M|65 a 69 años|12781|0|12781|1658|12472|13|10|0|0
31|M|70 a 74 años|8175|0|8175|1057|7840|5|1|0|0
31|M|Más de 74 años|7311|0|7311|1672|6297|2|1|0|0
31|V|15 a 17 años|554|6|557|554|0|0|0|0|6
31|V|18 a 20 años|4648|6|4654|982|4371|1|0|0|6
31|V|21 a 24 años|11294|1|11295|1634|11216|134|6|0|1
31|V|25 a 29 años|15068|0|15068|2569|15022|522|41|0|0
31|V|30 a 34 años|15691|0|15691|4370|15643|761|69|0|0
31|V|35 a 39 años|16602|0|16602|6063|16513|1226|194|0|0
31|V|40 a 44 años|19990|0|19990|7877|19898|2019|388|0|0
31|V|45 a 49 años|25347|0|25347|10131|25127|2855|692|0|0
31|V|50 a 54 años|25754|0|25754|11515|25504|3414|1471|0|0
31|V|55 a 59 años|23789|1|23789|9927|23512|3366|1918|0|1
31|V|60 a 64 años|21126|2|21126|9734|20881|3019|1601|0|2
31|V|65 a 69 años|17784|1|17784|9685|17485|1211|553|0|1
31|V|70 a 74 años|13902|3|13902|7422|13558|351|162|0|3
31|V|Más de 74 años|24161|14|24161|17153|19518|166|78|0|14
32|M|15 a 17 años|20|0|20|20|0|0|0|0|0
32|M|18 a 20 años|754|0|754|33|751|0|0|0|0
32|M|21 a 24 años|2645|0|2645|77|2638|3|1|0|0
32|M|25 a 29 años|3936|0|3936|148|3930|17|3|0|0
32|M|30 a 34 años|5171|0|5171|421|5158|45|7|0|0
32|M|35 a 39 años|6425|0|6425|623|6411|71|24|0|0
32|M|40 a 44 años|7823|0|7823|986|7805|100|44|0|0
32|M|45 a 49 años|9789|0|9789|1398|9749|110|58|0|0
32|M|50 a 54 años|9598|1|9599|1594|9516|89|62|0|1
32|M|55 a 59 años|9233|0|9233|1024|9121|75|47|0|0
32|M|60 a 64 años|8279|1|8279|659|8184|35|19|0|1
32|M|65 a 69 años|7354|2|7354|587|7205|22|5|0|2
32|M|70 a 74 años|4967|5|4967|413|4831|6|2|0|5
32|M|Más de 74 años|4648|2|4648|611|4297|1|0|0|2
32|V|15 a 17 años|172|10|178|172|0|0|0|0|10
32|V|18 a 20 años|1510|3|1513|294|1459|2|0|0|3
32|V|21 a 24 años|3468|0|3468|467|3448|77|1|0|0
32|V|25 a 29 años|5278|0|5278|961|5260|252|10|0|0
32|V|30 a 34 años|6006|0|6006|1854|5975|476|54|0|0
32|V|35 a 39 años|6716|1|6717|2720|6687|873|155|0|1
32|V|40 a 44 años|8358|0|8358|3847|8312|1345|269|0|0
32|V|45 a 49 años|10285|2|10287|5101|10116|1827|416|0|2
32|V|50 a 54 años|10258|2|10258|5140|10035|1894|832|0|2
32|V|55 a 59 años|10336|2|10336|4379|10077|1932|947|0|2
32|V|60 a 64 años|9812|8|9814|4074|9521|1712|853|1|7
32|V|65 a 69 años|9704|15|9706|4422|9302|887|402|0|15
32|V|70 a 74 años|8387|22|8389|3734|7997|374|181|0|22
32|V|Más de 74 años|17054|96|17055|9202|14343|196|93|0|96
33|M|15 a 17 años|79|0|79|79|0|0|0|0|0
33|M|18 a 20 años|3181|0|3181|240|3106|1|0|0|0
33|M|21 a 24 años|9324|0|9324|440|9305|34|4|0|0
33|M|25 a 29 años|14043|0|14043|706|14016|95|35|0|0
33|M|30 a 34 años|16120|0|16120|1240|16078|96|50|0|0
33|M|35 a 39 años|21137|0|21137|2052|21081|194|82|0|0
33|M|40 a 44 años|28045|0|28045|3340|27973|340|177|0|0
33|M|45 a 49 años|35499|0|35499|4097|35342|423|248|0|0
33|M|50 a 54 años|34346|0|34346|4713|34009|300|206|0|0
33|M|55 a 59 años|29654|0|29654|3099|29374|211|144|0|0
33|M|60 a 64 años|25902|0|25902|2305|25606|113|75|0|0
33|M|65 a 69 años|22167|1|22168|1626|21868|28|12|0|1
33|M|70 a 74 años|13642|2|13642|1048|13311|11|3|0|2
33|M|Más de 74 años|11380|0|11380|1848|10286|1|0|0|0
33|V|15 a 17 años|529|6|532|529|0|0|0|0|6
33|V|18 a 20 años|5660|3|5661|1095|5470|7|0|0|3
33|V|21 a 24 años|11728|1|11729|1826|11662|280|4|0|1
33|V|25 a 29 años|15931|0|15931|2949|15862|836|98|0|0
33|V|30 a 34 años|17753|0|17753|4777|17669|1244|179|0|0
33|V|35 a 39 años|21275|1|21275|7508|21149|2116|413|0|1
33|V|40 a 44 años|27157|1|27157|10575|27019|3284|668|0|1
33|V|45 a 49 años|35859|0|35859|15130|35353|5009|1178|0|0
33|V|50 a 54 años|38279|2|38280|17170|37515|5415|2267|0|2
33|V|55 a 59 años|35415|2|35415|14433|34642|4893|2536|0|2
33|V|60 a 64 años|34088|3|34089|13488|33218|4226|2299|0|3
33|V|65 a 69 años|32934|8|32934|12640|31969|1932|876|0|8
33|V|70 a 74 años|26622|19|26623|9361|25697|596|268|0|19
33|V|Más de 74 años|41923|30|41923|23013|35592|328|156|0|30
34|M|15 a 17 años|10|0|10|10|0|0|0|0|0
34|M|18 a 20 años|568|0|568|13|560|0|0|0|0
34|M|21 a 24 años|1630|0|1630|42|1629|4|0|0|0
34|M|25 a 29 años|2562|0|2562|77|2557|14|3|0|0
34|M|30 a 34 años|2873|0|2873|159|2864|13|6|0|0
34|M|35 a 39 años|3499|0|3499|275|3490|47|6|0|0
34|M|40 a 44 años|4112|0|4112|396|4104|69|20|0|0
34|M|45 a 49 años|4819|0|4819|484|4796|76|27|0|0
34|M|50 a 54 años|4662|0|4662|598|4622|61|26|0|0
34|M|55 a 59 años|4661|0|4661|457|4622|33|17|0|0
34|M|60 a 64 años|4489|0|4489|432|4442|31|16|0|0
34|M|65 a 69 años|3721|0|3721|385|3640|1|3|0|0
34|M|70 a 74 años|1980|0|1980|186|1923|0|0|0|0
34|M|Más de 74 años|1419|0|1419|242|1267|0|0|0|0
34|V|15 a 17 años|78|10|86|78|0|0|0|0|10
34|V|18 a 20 años|861|6|867|98|840|2|0|0|6
34|V|21 a 24 años|1995|0|1995|235|1985|46|0|0|0
34|V|25 a 29 años|3013|0|3013|513|3003|161|10|0|0
34|V|30 a 34 años|3385|0|3385|931|3380|254|19|0|0
34|V|35 a 39 años|3896|0|3896|1344|3884|453|60|0|0
34|V|40 a 44 años|4652|0|4652|1786|4639|701|144|0|0
34|V|45 a 49 años|5427|0|5427|2063|5376|900|223|0|0
34|V|50 a 54 años|5494|0|5494|2161|5411|1017|439|0|0
34|V|55 a 59 años|5807|0|5807|1993|5732|1115|623|0|0
34|V|60 a 64 años|6011|1|6011|2237|5916|1135|594|0|1
34|V|65 a 69 años|5798|0|5798|2802|5664|499|228|0|0
34|V|70 a 74 años|4653|2|4653|2831|4490|114|50|0|2
34|V|Más de 74 años|7667|2|7667|5848|5639|44|15|0|2
35|M|15 a 17 años|35|0|35|35|0|0|0|0|0
35|M|18 a 20 años|2973|0|2973|128|2929|0|0|0|0
35|M|21 a 24 años|11820|0|11820|342|11799|24|4|0|0
35|M|25 a 29 años|19350|0|19350|889|19291|71|51|0|0
35|M|30 a 34 años|23529|0|23529|1804|23447|106|74|0|0
35|M|35 a 39 años|28156|0|28156|2886|28038|198|193|0|0
35|M|40 a 44 años|31561|0|31561|4431|31412|255|229|0|0
35|M|45 a 49 años|35940|0|35940|5931|35561|324|236|0|0
35|M|50 a 54 años|37207|0|37207|6253|36583|386|230|0|0
35|M|55 a 59 años|32984|0|32984|4065|32490|319|144|0|0
35|M|60 a 64 años|26059|0|26059|2438|25773|295|81|0|0
35|M|65 a 69 años|17888|0|17888|1462|17717|137|18|0|0
35|M|70 a 74 años|11345|0|11345|813|11259|55|8|0|0
35|M|Más de 74 años|8410|0|8410|811|8333|13|1|0|0
35|V|15 a 17 años|237|0|237|237|0|0|0|0|0
35|V|18 a 20 años|5130|0|5130|734|4910|1|0|0|0
35|V|21 a 24 años|14242|0|14242|1753|14042|239|10|0|0
35|V|25 a 29 años|21847|0|21847|3600|21630|817|196|0|0
35|V|30 a 34 años|25016|0|25016|6511|24754|1306|463|0|0
35|V|35 a 39 años|28869|0|28869|10098|28501|2241|842|0|0
35|V|40 a 44 años|32649|0|32649|14335|32258|3670|1334|0|0
35|V|45 a 49 años|40421|0|40421|19768|39278|5097|1804|0|0
35|V|50 a 54 años|44635|0|44635|21840|42590|6122|2960|0|0
35|V|55 a 59 años|41189|0|41189|17837|39141|5318|2800|0|0
35|V|60 a 64 años|35063|0|35063|14086|33509|4468|2229|0|0
35|V|65 a 69 años|25616|2|25618|9783|24672|1940|870|2|0
35|V|70 a 74 años|18708|1|18708|6837|17973|691|308|0|1
35|V|Más de 74 años|23095|0|23095|10627|20738|286|147|0|0
36|M|15 a 17 años|84|0|84|84|0|0|0|0|0
36|M|18 a 20 años|4178|0|4178|255|4131|0|0|0|0
36|M|21 a 24 años|11342|0|11342|382|11316|18|0|0|0
36|M|25 a 29 años|16019|0|16019|709|15991|56|7|0|0
36|M|30 a 34 años|18628|0|18628|1436|18588|99|16|0|0
36|M|35 a 39 años|23619|0|23619|2910|23560|264|73|0|0
36|M|40 a 44 años|31034|0|31034|5045|30962|520|165|0|0
36|M|45 a 49 años|38237|0|38237|6856|38011|425|225|0|0
36|M|50 a 54 años|35786|0|35786|7374|35409|318|223|0|0
36|M|55 a 59 años|31385|0|31385|4967|30948|200|147|0|0
36|M|60 a 64 años|25757|1|25757|3275|25279|152|96|0|1
36|M|65 a 69 años|21520|3|21520|2682|20952|54|26|0|3
36|M|70 a 74 años|15228|10|15228|2112|14435|10|4|0|10
36|M|Más de 74 años|14855|6|14855|3293|12797|3|0|0|6
36|V|15 a 17 años|530|8|538|530|0|0|0|0|8
36|V|18 a 20 años|6383|5|6386|1199|6166|1|0|0|5
36|V|21 a 24 años|14079|0|14079|2094|14008|202|9|0|0
36|V|25 a 29 años|18594|0|18594|3491|18531|629|39|0|0
36|V|30 a 34 años|20144|0|20144|6726|20034|1135|108|0|0
36|V|35 a 39 años|21793|1|21794|9319|21660|1866|266|0|1
36|V|40 a 44 años|25810|0|25810|13791|25613|3001|572|0|0
36|V|45 a 49 años|36815|0|36815|21271|35962|4688|1083|0|0
36|V|50 a 54 años|37433|0|37433|21674|36179|5023|2052|0|0
36|V|55 a 59 años|33873|1|33873|16852|32700|4837|2614|0|1
36|V|60 a 64 años|28571|5|28571|13985|27398|3928|2000|0|5
36|V|65 a 69 años|26347|7|26351|12841|25173|1723|745|0|7
36|V|70 a 74 años|21499|10|21499|10143|20405|557|245|0|10
36|V|Más de 74 años|37674|38|37675|21619|31529|260|127|0|38
37|M|15 a 17 años|30|0|30|30|0|0|0|0|0
37|M|18 a 20 años|1445|0|1445|69|1430|0|0|0|0
37|M|21 a 24 años|4031|0|4031|142|4027|14|2|0|0
37|M|25 a 29 años|5753|0|5753|203|5751|28|4|0|0
37|M|30 a 34 años|6685|0|6685|465|6679|73|11|0|0
37|M|35 a 39 años|7270|0|7270|571|7263|76|20|0|0
37|M|40 a 44 años|8268|0|8268|775|8254|72|34|0|0
37|M|45 a 49 años|9556|0|9556|935|9525|74|40|0|0
37|M|50 a 54 años|10022|0|10022|1131|9954|62|40|0|0
37|M|55 a 59 años|9990|0|9990|760|9930|41|21|0|0
37|M|60 a 64 años|8660|0|8660|559|8582|27|24|0|0
37|M|65 a 69 años|6691|0|6691|469|6611|11|7|0|0
37|M|70 a 74 años|3695|0|3695|182|3646|6|1|0|0
37|M|Más de 74 años|2772|0|2772|245|2667|1|1|0|0
37|V|15 a 17 años|174|2|176|174|0|0|0|0|2
37|V|18 a 20 años|2222|1|2223|340|2159|0|0|0|1
37|V|21 a 24 años|4474|1|4475|566|4460|100|4|0|1
37|V|25 a 29 años|6096|0|6096|1031|6080|309|35|0|0
37|V|30 a 34 años|6409|0|6409|1844|6390|458|49|0|0
37|V|35 a 39 años|7522|0|7522|2701|7489|902|180|0|0
37|V|40 a 44 años|9092|0|9092|3590|9053|1406|375|0|0
37|V|45 a 49 años|10709|1|10710|4124|10593|1838|602|0|1
37|V|50 a 54 años|11259|1|11259|4427|11090|2065|946|0|1
37|V|55 a 59 años|11681|0|11681|3688|11504|2092|1157|0|0
37|V|60 a 64 años|12014|0|12014|4051|11781|1985|1038|0|0
37|V|65 a 69 años|10736|1|10736|3818|10496|794|343|0|1
37|V|70 a 74 años|8246|0|8246|2690|7969|201|83|0|0
37|V|Más de 74 años|14600|12|14600|7985|12091|132|48|0|12
38|M|15 a 17 años|30|0|30|30|0|0|0|0|0
38|M|18 a 20 años|2992|0|2992|120|2954|0|0|0|0
38|M|21 a 24 años|10753|0|10753|224|10733|5|2|0|0
38|M|25 a 29 años|17958|0|17958|559|17938|31|27|0|0
38|M|30 a 34 años|21379|0|21379|1512|21329|53|55|0|0
38|M|35 a 39 años|25596|0|25596|2634|25523|111|108|0|0
38|M|40 a 44 años|29858|0|29858|4244|29752|204|195|0|0
38|M|45 a 49 años|34406|0|34406|5277|34138|268|251|0|0
38|M|50 a 54 años|34732|0|34732|5217|34275|341|272|0|0
38|M|55 a 59 años|31244|1|31244|3371|30919|350|197|0|1
38|M|60 a 64 años|25851|0|25851|2558|25616|269|121|0|0
38|M|65 a 69 años|18253|0|18253|1706|18128|111|37|0|0
38|M|70 a 74 años|11877|0|11877|915|11803|36|6|0|0
38|M|Más de 74 años|9968|0|9968|1145|9886|9|1|0|0
38|V|15 a 17 años|193|0|193|193|0|0|0|0|0
38|V|18 a 20 años|4735|0|4735|617|4518|0|0|0|0
38|V|21 a 24 años|13148|0|13148|1303|13042|127|2|0|0
38|V|25 a 29 años|19786|0|19786|2752|19657|463|93|0|0
38|V|30 a 34 años|23309|0|23309|5690|23145|815|232|0|0
38|V|35 a 39 años|26493|0|26493|9421|26221|1666|517|0|0
38|V|40 a 44 años|30408|1|30408|12612|30112|2912|974|0|1
38|V|45 a 49 años|37389|1|37389|16992|36473|4351|1564|1|0
38|V|50 a 54 años|39846|0|39846|17749|38422|5411|2596|0|0
38|V|55 a 59 años|36038|0|36038|14053|34784|4906|2646|0|0
38|V|60 a 64 años|31344|0|31344|12629|30117|4046|2055|0|0
38|V|65 a 69 años|24413|1|24414|9994|23420|1947|936|0|1
38|V|70 a 74 años|17622|0|17622|6046|16913|710|344|0|0
38|V|Más de 74 años|23898|4|23900|9473|22295|316|124|0|4
39|M|15 a 17 años|120|0|120|120|0|0|0|0|0
39|M|18 a 20 años|2395|0|2395|184|2329|0|0|0|0
39|M|21 a 24 años|6969|0|6969|239|6946|5|0|0|0
39|M|25 a 29 años|9321|0|9321|347|9301|23|8|0|0
39|M|30 a 34 años|10337|0|10337|874|10308|50|14|0|0
39|M|35 a 39 años|14078|0|14078|1456|14042|141|48|0|0
39|M|40 a 44 años|16761|0|16761|2275|16711|105|60|0|0
39|M|45 a 49 años|21300|0|21300|3591|21165|119|74|0|0
39|M|50 a 54 años|20249|0|20249|4551|20013|121|75|0|0
39|M|55 a 59 años|18089|0|18089|3117|17847|71|50|0|0
39|M|60 a 64 años|15484|0|15484|2642|15172|46|22|0|0
39|M|65 a 69 años|13176|0|13176|1636|12887|16|6|0|0
39|M|70 a 74 años|8332|0|8332|935|8042|7|2|0|0
39|M|Más de 74 años|7584|0|7584|1665|6540|5|3|0|0
39|V|15 a 17 años|535|7|541|535|0|0|0|0|7
39|V|18 a 20 años|3969|3|3972|885|3732|1|0|0|3
39|V|21 a 24 años|8615|1|8616|1459|8517|116|1|0|1
39|V|25 a 29 años|10726|0|10726|1870|10672|351|54|0|0
39|V|30 a 34 años|11385|0|11385|3076|11325|590|100|0|0
39|V|35 a 39 años|12436|1|12437|4818|12366|1131|232|0|1
39|V|40 a 44 años|17613|0|17613|7489|17517|2019|500|0|0
39|V|45 a 49 años|22966|1|22967|10961|22664|2849|725|0|1
39|V|50 a 54 años|22647|1|22648|11965|22220|3133|1327|0|1
39|V|55 a 59 años|21101|0|21101|10268|20630|3006|1466|0|0
39|V|60 a 64 años|19110|1|19110|9344|18567|2590|1263|0|1
39|V|65 a 69 años|18203|1|18204|9056|17629|1155|490|0|1
39|V|70 a 74 años|13969|0|13969|6666|13388|317|147|0|0
39|V|Más de 74 años|21480|1|21480|13867|17786|145|54|0|1
40|M|15 a 17 años|11|0|11|11|0|0|0|0|0
40|M|18 a 20 años|613|0|613|35|603|0|0|0|0
40|M|21 a 24 años|2084|0|2084|78|2084|6|0|0|0
40|M|25 a 29 años|3012|0|3012|120|3007|9|2|0|0
40|M|30 a 34 años|3006|0|3006|202|2999|16|9|0|0
40|M|35 a 39 años|3412|0|3412|317|3405|35|10|0|0
40|M|40 a 44 años|3900|0|3900|432|3890|44|21|0|0
40|M|45 a 49 años|4883|0|4883|645|4865|61|32|0|0
40|M|50 a 54 años|4869|0|4869|739|4845|57|33|0|0
40|M|55 a 59 años|4888|0|4888|472|4864|34|25|0|0
40|M|60 a 64 años|4613|0|4613|361|4577|17|9|0|0
40|M|65 a 69 años|3458|1|3458|278|3404|3|0|0|1
40|M|70 a 74 años|1890|0|1890|149|1851|2|0|0|0
40|M|Más de 74 años|1412|0|1412|179|1317|0|0|0|0
40|V|15 a 17 años|90|7|97|90|0|0|0|0|7
40|V|18 a 20 años|1057|0|1057|200|1021|0|0|0|0
40|V|21 a 24 años|2312|0|2312|303|2308|54|2|0|0
40|V|25 a 29 años|3185|1|3186|603|3172|182|12|0|1
40|V|30 a 34 años|3664|0|3664|1104|3651|305|46|0|0
40|V|35 a 39 años|3876|0|3876|1376|3863|515|101|0|0
40|V|40 a 44 años|4622|0|4622|1757|4604|770|166|0|0
40|V|45 a 49 años|5448|0|5448|2334|5402|1089|283|0|0
40|V|50 a 54 años|5808|0|5808|2444|5755|1164|548|0|0
40|V|55 a 59 años|5896|1|5896|2101|5846|1158|642|0|1
40|V|60 a 64 años|5773|0|5773|2029|5727|1035|533|0|0
40|V|65 a 69 años|5178|0|5178|1736|5119|449|183|0|0
40|V|70 a 74 años|3738|1|3738|1397|3654|134|52|0|1
40|V|Más de 74 años|6373|14|6373|3930|5248|90|32|0|14
41|M|15 a 17 años|314|0|314|314|0|0|0|0|0
41|M|18 a 20 años|9916|0|9916|672|9648|0|0|0|0
41|M|21 a 24 años|26965|0|26965|1015|26877|20|12|0|0
41|M|25 a 29 años|38767|0|38767|1691|38701|120|61|0|0
41|M|30 a 34 años|45157|0|45157|4700|45036|173|102|0|0
41|M|35 a 39 años|50165|0|50165|8377|49974|217|182|0|0
41|M|40 a 44 años|57928|0|57928|13057|57640|376|237|0|0
41|M|45 a 49 años|72231|0|72231|19295|71196|650|314|0|0
41|M|50 a 54 años|65922|0|65922|19863|64020|373|221|0|0
41|M|55 a 59 años|55062|0|55062|13286|53241|212|119|0|0
41|M|60 a 64 años|42245|0|42245|8644|40598|110|47|0|0
41|M|65 a 69 años|28992|0|28992|5293|27677|36|15|0|0
41|M|70 a 74 años|15712|1|15712|2301|14870|10|3|0|1
41|M|Más de 74 años|10028|0|10028|1590|9178|2|0|0|0
41|V|15 a 17 años|2111|4|2113|2111|0|0|0|0|4
41|V|18 a 20 años|15966|2|15966|3466|14754|5|0|0|2
41|V|21 a 24 años|32823|1|32823|4678|32480|383|34|0|1
41|V|25 a 29 años|42561|0|42561|6814|42339|1268|233|0|0
41|V|30 a 34 años|46454|0|46454|15543|46135|1910|402|0|0
41|V|35 a 39 años|51581|0|51581|24927|51180|3224|812|0|0
41|V|40 a 44 años|61349|0|61349|34365|60873|5525|1312|0|0
41|V|45 a 49 años|73597|0|73597|44852|71725|7535|1945|0|0
41|V|50 a 54 años|74654|6|74654|47466|71807|8816|3270|0|6
41|V|55 a 59 años|69295|8|69297|42285|65709|7725|3581|0|8
41|V|60 a 64 años|59775|18|59775|37955|55804|6180|2961|0|18
41|V|65 a 69 años|47979|17|47979|32509|44166|2526|1102|0|17
41|V|70 a 74 años|35739|29|35739|24367|32397|856|402|0|29
41|V|Más de 74 años|58862|48|58862|46281|39951|445|200|0|48
41|V|Se desconoce|1|0|1|1|0|0|0|0|0
42|M|15 a 17 años|14|1|14|14|0|0|0|0|1
42|M|18 a 20 años|394|0|394|22|390|0|0|0|0
42|M|21 a 24 años|1082|0|1082|42|1081|3|0|0|0
42|M|25 a 29 años|1600|0|1600|46|1599|8|4|0|0
42|M|30 a 34 años|1760|0|1760|152|1755|11|3|0|0
42|M|35 a 39 años|2225|0|2225|196|2222|33|12|0|0
42|M|40 a 44 años|2253|0|2253|204|2251|23|11|0|0
42|M|45 a 49 años|2606|0|2606|315|2597|26|9|0|0
42|M|50 a 54 años|2558|0|2558|380|2543|26|13|0|0
42|M|55 a 59 años|2571|0|2571|249|2558|19|15|0|0
42|M|60 a 64 años|2425|0|2425|180|2408|8|5|0|0
42|M|65 a 69 años|1852|0|1852|115|1846|3|0|0|0
42|M|70 a 74 años|999|0|999|78|978|0|0|0|0
42|M|Más de 74 años|768|0|768|97|711|2|0|0|0
42|V|15 a 17 años|79|2|79|79|0|0|0|0|2
42|V|18 a 20 años|710|1|711|124|695|0|0|0|1
42|V|21 a 24 años|1394|0|1394|198|1393|43|0|0|0
42|V|25 a 29 años|1954|0|1954|366|1949|115|6|0|0
42|V|30 a 34 años|2015|0|2015|559|2009|178|13|0|0
42|V|35 a 39 años|2082|0|2082|806|2071|295|31|0|0
42|V|40 a 44 años|2567|0|2567|978|2563|547|107|0|0
42|V|45 a 49 años|3114|1|3114|1163|3084|735|203|0|1
42|V|50 a 54 años|3204|0|3204|1298|3168|765|324|0|0
42|V|55 a 59 años|3342|0|3342|1183|3306|655|354|0|0
42|V|60 a 64 años|3372|1|3372|1135|3332|615|291|0|1
42|V|65 a 69 años|2947|2|2947|1043|2898|242|99|0|2
42|V|70 a 74 años|2079|0|2079|827|2026|70|35|0|0
42|V|Más de 74 años|4037|7|4039|2714|3192|45|14|0|7
43|M|15 a 17 años|386|1|387|386|0|0|0|0|1
43|M|18 a 20 años|3147|0|3147|673|2813|0|0|0|0
43|M|21 a 24 años|9827|0|9827|867|9712|14|0|0|0
43|M|25 a 29 años|14338|0|14338|1186|14298|54|15|0|0
43|M|30 a 34 años|15660|0|15660|2655|15586|98|15|0|0
43|M|35 a 39 años|18135|0|18135|4052|18031|94|39|0|0
43|M|40 a 44 años|21791|0|21791|6160|21635|160|97|0|0
43|M|45 a 49 años|28015|0|28015|9297|27605|293|128|0|0
43|M|50 a 54 años|26183|0|26183|9606|25571|227|120|0|0
43|M|55 a 59 años|22771|1|22771|7133|22213|175|87|0|1
43|M|60 a 64 años|19730|0|19730|5656|19187|134|55|0|0
43|M|65 a 69 años|16508|0|16508|3577|16046|56|18|0|0
43|M|70 a 74 años|11282|0|11282|2280|10710|19|4|0|0
43|M|Más de 74 años|11048|0|11048|3390|9106|16|4|0|0
43|V|15 a 17 años|919|18|928|919|0|0|0|0|18
43|V|18 a 20 años|5650|11|5659|1854|4934|2|0|0|11
43|V|21 a 24 años|12845|1|12846|2527|12652|181|5|0|1
43|V|25 a 29 años|17010|0|17010|3745|16883|583|55|0|0
43|V|30 a 34 años|18325|1|18326|6710|18177|932|146|0|1
43|V|35 a 39 años|20535|0|20535|9640|20364|1630|352|0|0
43|V|40 a 44 años|25150|1|25151|13346|24907|2783|693|0|1
43|V|45 a 49 años|32030|1|32030|17761|31404|4050|1021|0|1
43|V|50 a 54 años|31952|2|31954|19522|31177|4529|1750|0|2
43|V|55 a 59 años|28455|1|28456|16836|27708|4041|1964|0|1
43|V|60 a 64 años|24755|1|24755|15149|24077|3439|1695|0|1
43|V|65 a 69 años|21662|3|21662|13375|21052|1704|762|0|3
43|V|70 a 74 años|17394|7|17394|10562|16801|726|327|0|7
43|V|Más de 74 años|29007|26|29007|21230|24427|446|171|0|26
44|M|15 a 17 años|80|0|80|80|0|0|0|0|0
44|M|18 a 20 años|667|0|667|138|612|0|0|0|0
44|M|21 a 24 años|1706|0|1706|135|1699|11|0|0|0
44|M|25 a 29 años|2568|0|2568|140|2565|18|1|0|0
44|M|30 a 34 años|2647|0|2647|314|2642|17|1|0|0
44|M|35 a 39 años|2985|0|2985|452|2980|18|6|0|0
44|M|40 a 44 años|3184|0|3184|630|3169|36|4|0|0
44|M|45 a 49 años|3667|0|3667|766|3637|55|8|0|0
44|M|50 a 54 años|3683|0|3683|950|3629|48|24|0|0
44|M|55 a 59 años|3793|0|3793|674|3743|19|13|0|0
44|M|60 a 64 años|3633|0|3633|615|3556|14|5|0|0
44|M|65 a 69 años|2783|0|2783|381|2703|3|2|0|0
44|M|70 a 74 años|1517|0|1517|194|1433|1|0|0|0
44|M|Más de 74 años|1000|0|1000|235|831|0|0|0|0
44|V|15 a 17 años|238|7|241|238|0|0|0|0|7
44|V|18 a 20 años|1202|2|1204|379|1120|0|0|0|2
44|V|21 a 24 años|2115|0|2115|523|2091|86|1|0|0
44|V|25 a 29 años|2899|0|2899|753|2892|249|13|0|0
44|V|30 a 34 años|3164|0|3164|1232|3151|337|21|0|0
44|V|35 a 39 años|3625|0|3625|1620|3609|496|47|0|0
44|V|40 a 44 años|4076|2|4077|1965|4061|741|121|0|2
44|V|45 a 49 años|4732|0|4732|2299|4674|928|209|0|0
44|V|50 a 54 años|4746|1|4746|2443|4671|951|356|0|1
44|V|55 a 59 años|4760|0|4760|2268|4706|914|481|0|0
44|V|60 a 64 años|4926|2|4926|2565|4839|781|383|0|2
44|V|65 a 69 años|4565|5|4565|2688|4469|281|121|0|5
44|V|70 a 74 años|3296|2|3296|2250|3192|57|31|0|2
44|V|Más de 74 años|6360|17|6360|5239|4353|21|12|0|17
45|M|15 a 17 años|109|2|111|109|0|0|0|0|2
45|M|18 a 20 años|3278|1|3279|196|3199|0|0|0|1
45|M|21 a 24 años|9748|0|9748|276|9733|26|1|0|0
45|M|25 a 29 años|13934|0|13934|446|13920|86|16|0|0
45|M|30 a 34 años|15668|0|15668|1522|15639|93|25|0|0
45|M|35 a 39 años|18590|0|18590|2321|18560|156|68|0|0
45|M|40 a 44 años|22457|0|22457|2945|22411|193|103|0|0
45|M|45 a 49 años|25599|0|25599|3607|25470|244|130|0|0
45|M|50 a 54 años|23576|0|23576|4057|23378|182|93|0|0
45|M|55 a 59 años|20203|0|20203|2312|19981|114|79|0|0
45|M|60 a 64 años|15966|0|15966|1670|15702|52|44|0|0
45|M|65 a 69 años|11289|0|11289|1155|11034|19|11|0|0
45|M|70 a 74 años|5952|0|5952|557|5752|2|0|0|0
45|M|Más de 74 años|3994|0|3994|507|3710|2|2|0|0
45|V|15 a 17 años|718|15|729|718|0|0|0|0|15
45|V|18 a 20 años|5748|14|5757|1178|5413|0|0|0|14
45|V|21 a 24 años|12765|3|12768|1639|12711|267|13|0|3
45|V|25 a 29 años|16860|0|16860|2716|16823|728|70|0|0
45|V|30 a 34 años|18087|0|18087|5640|18026|1252|169|0|0
45|V|35 a 39 años|20314|0|20314|8725|20235|2036|429|0|0
45|V|40 a 44 años|24928|0|24928|11023|24851|3545|893|0|0
45|V|45 a 49 años|30509|0|30509|13282|30262|4851|1369|0|0
45|V|50 a 54 años|28729|0|28729|13156|28401|4844|1992|0|0
45|V|55 a 59 años|25918|4|25919|9989|25542|4140|2039|0|4
45|V|60 a 64 años|22917|7|22917|10071|22397|3500|1716|0|7
45|V|65 a 69 años|19397|17|19397|9484|18821|1480|654|0|17
45|V|70 a 74 años|14219|28|14219|6731|13575|478|250|0|28
45|V|Más de 74 años|25378|145|25378|17129|18570|320|150|0|145
46|M|15 a 17 años|1859|0|1859|1859|0|0|0|0|0
46|M|18 a 20 años|9738|0|9738|3093|7993|6|0|0|0
46|M|21 a 24 años|30600|0|30600|3831|30062|92|3|0|0
46|M|25 a 29 años|45765|0|45765|4346|45536|181|26|0|0
46|M|30 a 34 años|52376|0|52376|8529|52023|250|53|0|0
46|M|35 a 39 años|59734|0|59734|12663|59344|361|107|0|0
46|M|40 a 44 años|71166|0|71166|18837|70722|545|154|0|0
46|M|45 a 49 años|89707|0|89707|29389|88247|761|259|0|0
46|M|50 a 54 años|86653|0|86653|33847|84258|603|218|0|0
46|M|55 a 59 años|76900|0|76900|28025|74223|411|134|0|0
46|M|60 a 64 años|64068|0|64068|22028|61179|297|94|0|0
46|M|65 a 69 años|49688|0|49688|12527|47589|93|31|0|0
46|M|70 a 74 años|29187|0|29187|4836|27806|33|10|0|0
46|M|Más de 74 años|21818|0|21818|4521|19349|9|2|0|0
46|V|15 a 17 años|4963|1|4963|4963|0|0|0|0|1
46|V|18 a 20 años|18401|5|18405|7835|15231|40|0|0|5
46|V|21 a 24 años|41818|0|41818|10831|40555|671|18|0|0
46|V|25 a 29 años|57900|0|57900|14986|57216|1850|128|0|0
46|V|30 a 34 años|63435|0|63435|23459|62802|2630|284|0|0
46|V|35 a 39 años|69298|0|69298|33023|68714|4274|659|0|0
46|V|40 a 44 años|82148|0|82148|45198|81506|7753|1477|0|0
46|V|45 a 49 años|105278|1|105279|63310|103074|12864|2869|1|0
46|V|50 a 54 años|104383|0|104383|68438|101534|14418|4990|0|0
46|V|55 a 59 años|94381|2|94381|62030|91298|13053|5584|0|2
46|V|60 a 64 años|81658|3|81658|57677|78590|10816|4922|0|3
46|V|65 a 69 años|68530|6|68530|49992|65870|4353|1837|0|6
46|V|70 a 74 años|52130|1|52130|36971|49741|1179|573|0|1
46|V|Más de 74 años|83606|27|83606|67040|67779|625|259|0|27
47|M|15 a 17 años|23|0|23|23|0|0|0|0|0
47|M|18 a 20 años|1979|0|1979|88|1954|0|0|0|0
47|M|21 a 24 años|6184|0|6184|161|6177|9|1|0|0
47|M|25 a 29 años|8833|0|8833|326|8818|20|4|0|0
47|M|30 a 34 años|9223|0|9223|573|9200|22|8|0|0
47|M|35 a 39 años|10814|0|10814|840|10800|43|21|0|0
47|M|40 a 44 años|13792|0|13792|1319|13771|95|48|0|0
47|M|45 a 49 años|17995|0|17995|1852|17928|159|96|0|0
47|M|50 a 54 años|17734|0|17734|2361|17611|99|75|0|0
47|M|55 a 59 años|15766|0|15766|1373|15671|58|35|0|0
47|M|60 a 64 años|12943|0|12943|999|12822|25|15|0|0
47|M|65 a 69 años|10005|0|10005|715|9894|8|4|0|0
47|M|70 a 74 años|5599|0|5599|328|5490|2|2|0|0
47|M|Más de 74 años|3888|0|3888|319|3720|2|1|0|0
47|V|15 a 17 años|180|5|183|180|0|0|0|0|5
47|V|18 a 20 años|3522|2|3524|497|3431|2|0|0|2
47|V|21 a 24 años|7644|1|7645|934|7612|124|2|0|1
47|V|25 a 29 años|9965|0|9965|1701|9927|335|30|0|0
47|V|30 a 34 años|11008|0|11008|2850|10979|503|54|0|0
47|V|35 a 39 años|12308|1|12309|3999|12265|821|150|0|1
47|V|40 a 44 años|15231|0|15231|5563|15174|1529|317|0|0
47|V|45 a 49 años|20428|0|20428|7839|20276|2422|621|0|0
47|V|50 a 54 años|20899|0|20899|8375|20650|2834|1073|0|0
47|V|55 a 59 años|19134|0|19134|6584|18907|2735|1200|0|0
47|V|60 a 64 años|17427|2|17427|6121|17193|2348|987|0|2
47|V|65 a 69 años|15318|1|15318|5887|15036|986|367|0|1
47|V|70 a 74 años|12267|0|12267|4916|11991|293|112|0|0
47|V|Más de 74 años|20611|10|20611|11815|17809|98|39|0|10
48|M|15 a 17 años|129|0|129|129|0|0|0|0|0
48|M|18 a 20 años|3217|0|3217|277|3103|0|0|0|0
48|M|21 a 24 años|11877|0|11877|471|11839|34|2|0|0
48|M|25 a 29 años|17786|0|17786|796|17749|77|32|0|0
48|M|30 a 34 años|18536|0|18536|1338|18469|60|63|0|0
48|M|35 a 39 años|22173|0|22173|1794|22109|124|131|0|0
48|M|40 a 44 años|26861|0|26861|2426|26804|163|222|0|0
48|M|45 a 49 años|34229|0|34229|3441|34085|198|263|0|0
48|M|50 a 54 años|35055|0|35055|4243|34781|187|239|0|0
48|M|55 a 59 años|31075|0|31075|3189|30814|168|140|0|0
48|M|60 a 64 años|27517|0|27517|2327|27271|118|65|0|0
48|M|65 a 69 años|22286|0|22286|1676|22042|24|18|0|0
48|M|70 a 74 años|13112|0|13112|837|12933|6|4|0|0
48|M|Más de 74 años|10096|0|10096|1308|9651|5|2|0|0
48|V|15 a 17 años|428|0|428|428|0|0|0|0|0
48|V|18 a 20 años|6086|0|6086|987|5818|2|0|0|0
48|V|21 a 24 años|15737|0|15737|1913|15645|248|11|0|0
48|V|25 a 29 años|21633|0|21633|3314|21548|749|143|0|0
48|V|30 a 34 años|23036|0|23036|5091|22915|981|283|0|0
48|V|35 a 39 años|25702|0|25702|7102|25580|1638|584|0|0
48|V|40 a 44 años|32045|0|32045|9810|31935|2702|927|0|0
48|V|45 a 49 años|41232|0|41232|13320|40873|3705|1400|0|0
48|V|50 a 54 años|42614|0|42614|15065|41992|4747|2283|0|0
48|V|55 a 59 años|39750|3|39750|13173|39136|5299|2617|0|3
48|V|60 a 64 años|37104|0|37104|12003|36604|4776|2340|0|0
48|V|65 a 69 años|33002|1|33002|9743|32456|1798|853|0|1
48|V|70 a 74 años|24855|1|24855|6118|24365|405|205|0|1
48|V|Más de 74 años|36143|0|36143|14259|33115|168|70|0|0
49|M|15 a 17 años|20|0|20|20|0|0|0|0|0
49|M|18 a 20 años|617|0|617|47|604|0|0|0|0
49|M|21 a 24 años|1800|0|1800|63|1796|11|2|0|0
49|M|25 a 29 años|2688|0|2688|118|2684|13|2|0|0
49|M|30 a 34 años|3066|0|3066|296|3061|23|4|0|0
49|M|35 a 39 años|3590|0|3590|464|3586|41|9|0|0
49|M|40 a 44 años|4120|0|4120|561|4106|49|14|0|0
49|M|45 a 49 años|5132|0|5132|680|5111|83|26|0|0
49|M|50 a 54 años|4839|0|4839|728|4798|55|26|0|0
49|M|55 a 59 años|5008|0|5008|510|4964|39|22|0|0
49|M|60 a 64 años|4658|1|4658|452|4591|21|8|0|1
49|M|65 a 69 años|3726|2|3726|356|3631|7|3|0|2
49|M|70 a 74 años|2104|3|2104|195|2027|2|1|0|3
49|M|Más de 74 años|1634|1|1634|263|1444|1|0|0|1
49|V|15 a 17 años|132|1|133|132|0|0|0|0|1
49|V|18 a 20 años|926|1|927|215|889|0|0|0|1
49|V|21 a 24 años|2141|0|2141|318|2134|54|0|0|0
49|V|25 a 29 años|3158|0|3158|570|3154|192|7|0|0
49|V|30 a 34 años|3277|0|3277|1055|3267|307|27|0|0
49|V|35 a 39 años|3923|0|3923|1603|3908|512|54|0|0
49|V|40 a 44 años|4568|0|4568|2090|4548|798|141|0|0
49|V|45 a 49 años|5607|0|5607|2512|5530|1050|214|0|0
49|V|50 a 54 años|5600|1|5600|2469|5511|1163|453|0|1
49|V|55 a 59 años|5910|6|5910|2156|5804|1086|542|0|6
49|V|60 a 64 años|6567|5|6567|2561|6408|1164|584|0|5
49|V|65 a 69 años|6115|14|6115|2464|5934|498|204|0|14
49|V|70 a 74 años|5000|13|5000|2010|4778|155|56|0|13
49|V|Más de 74 años|9704|51|9704|6127|7352|120|52|0|51
50|M|15 a 17 años|58|0|58|58|0|0|0|0|0
50|M|18 a 20 años|2643|0|2643|187|2583|1|0|0|0
50|M|21 a 24 años|9783|0|9783|287|9761|15|0|0|0
50|M|25 a 29 años|15345|0|15345|587|15294|61|18|0|0
50|M|30 a 34 años|17552|0|17552|1619|17461|96|28|0|0
50|M|35 a 39 años|20298|0|20298|2486|20175|153|60|0|0
50|M|40 a 44 años|23673|0|23673|3308|23525|258|132|0|0
50|M|45 a 49 años|29430|0|29430|4392|29178|273|167|0|0
50|M|50 a 54 años|29013|0|29013|5068|28630|203|172|0|0
50|M|55 a 59 años|24842|0|24842|3796|24400|147|128|0|0
50|M|60 a 64 años|20352|0|20352|2782|19939|73|61|0|0
50|M|65 a 69 años|15357|0|15357|1911|14996|14|9|0|0
50|M|70 a 74 años|8519|0|8519|1004|8149|4|2|0|0
50|M|Más de 74 años|5881|0|5881|1140|5192|1|1|0|0
50|V|15 a 17 años|476|8|483|476|0|0|0|0|8
50|V|18 a 20 años|5311|13|5322|919|5084|5|0|0|13
50|V|21 a 24 años|13430|2|13432|1686|13353|220|4|0|2
50|V|25 a 29 años|19292|1|19292|3168|19212|730|67|0|1
50|V|30 a 34 años|21250|0|21250|5971|21114|1121|162|0|0
50|V|35 a 39 años|24205|0|24205|9037|24031|2101|424|0|0
50|V|40 a 44 años|28546|0|28546|11355|28381|3077|785|0|0
50|V|45 a 49 años|36434|0|36434|14444|35969|4469|1218|0|0
50|V|50 a 54 años|37525|2|37525|16017|36862|5074|2110|0|2
50|V|55 a 59 años|34071|3|34071|13993|33372|4637|2314|0|3
50|V|60 a 64 años|30648|10|30649|13642|30038|3873|2062|0|10
50|V|65 a 69 años|25948|13|25948|12397|25350|1437|688|0|13
50|V|70 a 74 años|19801|12|19802|9657|19242|282|140|1|11
50|V|Más de 74 años|32347|44|32347|21227|26238|119|58|0|44
51|M|15 a 17 años|7|0|7|7|0|0|0|0|0
51|M|18 a 20 años|301|0|301|43|293|0|0|0|0
51|M|21 a 24 años|993|0|993|101|981|4|0|0|0
51|M|25 a 29 años|1609|0|1609|114|1606|16|1|0|0
51|M|30 a 34 años|1777|0|1777|166|1772|12|1|0|0
51|M|35 a 39 años|2000|0|2000|297|1989|29|6|0|0
51|M|40 a 44 años|2098|0|2098|383|2083|38|7|0|0
51|M|45 a 49 años|2044|0|2044|424|2011|36|10|0|0
51|M|50 a 54 años|1809|0|1809|390|1762|14|4|0|0
51|M|55 a 59 años|1563|0|1563|278|1524|4|2|0|0
51|M|60 a 64 años|1267|0|1267|152|1238|2|1|0|0
51|M|65 a 69 años|872|0|872|81|864|2|1|0|0
51|M|70 a 74 años|373|0|373|12|371|1|0|0|0
51|M|Más de 74 años|182|0|182|7|178|2|0|0|0
51|V|15 a 17 años|68|0|68|68|0|0|0|0|0
51|V|18 a 20 años|662|0|662|330|578|0|0|0|0
51|V|21 a 24 años|1353|0|1353|508|1319|31|0|0|0
51|V|25 a 29 años|1755|0|1755|687|1737|151|13|0|0
51|V|30 a 34 años|1947|0|1947|871|1936|165|27|0|0
51|V|35 a 39 años|2217|0|2217|1257|2180|313|58|0|0
51|V|40 a 44 años|2595|0|2595|1398|2560|472|99|0|0
51|V|45 a 49 años|2903|0|2903|1618|2828|602|151|0|0
51|V|50 a 54 años|2895|0|2895|1513|2803|501|185|0|0
51|V|55 a 59 años|2524|0|2524|1230|2424|373|190|0|0
51|V|60 a 64 años|2273|0|2273|1040|2173|347|179|0|0
51|V|65 a 69 años|1707|0|1707|736|1658|170|75|0|0
51|V|70 a 74 años|1081|0|1081|420|1053|63|31|0|0
51|V|Más de 74 años|1049|0|1049|564|901|28|19|0|0
52|M|15 a 17 años|36|0|36|36|0|0|0|0|0
52|M|18 a 20 años|370|0|370|46|361|0|0|0|0
52|M|21 a 24 años|1304|0|1304|55|1299|2|0|0|0
52|M|25 a 29 años|1914|0|1914|71|1914|10|0|0|0
52|M|30 a 34 años|2100|0|2100|108|2098|12|1|0|0
52|M|35 a 39 años|2238|0|2238|214|2236|25|9|0|0
52|M|40 a 44 años|2248|0|2248|314|2247|40|7|0|0
52|M|45 a 49 años|2213|0|2213|449|2191|22|10|0|0
52|M|50 a 54 años|1834|0|1834|417|1798|4|3|0|0
52|M|55 a 59 años|1760|0|1760|321|1732|5|1|0|0
52|M|60 a 64 años|1318|0|1318|181|1298|0|0|0|0
52|M|65 a 69 años|1049|0|1049|81|1038|2|0|0|0
52|M|70 a 74 años|450|0|450|20|445|0|0|0|0
52|M|Más de 74 años|321|0|321|15|318|0|0|0|0
52|V|15 a 17 años|161|0|161|161|0|0|0|0|0
52|V|18 a 20 años|819|0|819|294|713|0|0|0|0
52|V|21 a 24 años|1615|0|1615|330|1590|53|1|0|0
52|V|25 a 29 años|2161|0|2161|538|2145|197|13|0|0
52|V|30 a 34 años|2232|0|2232|793|2215|251|26|0|0
52|V|35 a 39 años|2251|0|2251|998|2234|310|47|0|0
52|V|40 a 44 años|2747|0|2747|1227|2735|438|95|0|0
52|V|45 a 49 años|2848|0|2848|1280|2774|450|102|0|0
52|V|50 a 54 años|2644|0|2644|1221|2546|352|115|0|0
52|V|55 a 59 años|2596|0|2596|1140|2502|279|80|0|0
52|V|60 a 64 años|2333|0|2333|931|2237|228|112|0|0
52|V|65 a 69 años|1938|0|1938|790|1852|92|41|0|0
52|V|70 a 74 años|1198|0|1198|441|1137|27|8|0|0
52|V|Más de 74 años|1116|0|1116|571|931|6|3|0|0