COD_PROVINCIA|IND_SEXO|EDAD|NUM_PERMISOS|NUM_LICENCIAS|NUM_LICENCIAS_PERMISOS|NUM_PERMISOS_A|NUM_PERMISOS_B|NUM_PERMISOS_C|NUM_PERMISOS_D|NUM_PERMISOS_LCM|NUM_PERMISOS_LVA
01|M|15 a 17 años|24|0|24|24|0|0|0|0|0
01|M|18 a 20 años|818|1|819|36|807|0|0|0|1
01|M|21 a 24 años|3229|0|3229|76|3224|8|0|0|0
01|M|25 a 29 años|4731|0|4731|152|4721|26|4|0|0
01|M|30 a 34 años|5381|0|5381|403|5359|34|15|0|0
01|M|35 a 39 años|6967|0|6967|639|6939|47|42|0|0
01|M|40 a 44 años|9171|0|9171|989|9149|74|71|0|0
01|M|45 a 49 años|11758|0|11758|1496|11704|149|107|0|0
01|M|50 a 54 años|10817|0|10817|1418|10747|103|94|0|0
01|M|55 a 59 años|9512|0|9512|833|9440|68|46|0|0
01|M|60 a 64 años|8105|0|8105|559|8055|41|35|0|0
01|M|65 a 69 años|6178|0|6178|374|6122|8|10|0|0
01|M|70 a 74 años|3651|1|3651|213|3596|2|1|0|1
01|M|Más de 74 años|2714|0|2714|348|2568|1|1|0|0
01|V|15 a 17 años|92|8|99|92|0|0|0|0|8
01|V|18 a 20 años|1542|6|1548|222|1500|0|0|0|6
01|V|21 a 24 años|4232|1|4233|495|4212|75|1|0|1
01|V|25 a 29 años|6016|0|6016|859|5995|221|28|0|0
01|V|30 a 34 años|6728|0|6728|1701|6677|341|62|0|0
01|V|35 a 39 años|8114|0|8114|2529|8080|607|196|0|0
01|V|40 a 44 años|10384|0|10384|3522|10338|938|344|0|0
01|V|45 a 49 años|12878|0|12878|4727|12744|1358|557|0|0
01|V|50 a 54 años|12780|0|12780|4692|12609|1679|779|0|0
01|V|55 a 59 años|11840|0|11840|3819|11706|1730|913|0|0
01|V|60 a 64 años|10430|1|10430|3618|10314|1476|705|0|1
01|V|65 a 69 años|8890|0|8890|3178|8788|653|308|0|0
01|V|70 a 74 años|7326|0|7326|2624|7199|205|99|0|0
01|V|Más de 74 años|11517|2|11517|6280|10292|84|38|0|2
02|M|15 a 17 años|59|0|59|59|0|0|0|0|0
02|M|18 a 20 años|1565|0|1565|135|1526|3|0|0|0
02|M|21 a 24 años|5130|0|5130|186|5117|22|0|0|0
02|M|25 a 29 años|7436|0|7436|360|7429|49|1|0|0
02|M|30 a 34 años|8741|0|8741|1216|8707|78|6|0|0
02|M|35 a 39 años|9458|0|9458|1833|9420|86|18|0|0
02|M|40 a 44 años|11309|0|11309|2909|11230|175|52|0|0
02|M|45 a 49 años|13682|0|13682|3531|13481|272|71|0|0
02|M|50 a 54 años|12310|0|12310|3222|12028|118|52|0|0
02|M|55 a 59 años|11439|0|11439|2198|11169|73|45|0|0
02|M|60 a 64 años|9136|0|9136|1486|8832|30|22|0|0
02|M|65 a 69 años|5885|0|5885|822|5689|10|3|0|0
02|M|70 a 74 años|3016|0|3016|333|2858|1|0|0|0
02|M|Más de 74 años|1923|0|1923|350|1690|1|1|0|0
02|V|15 a 17 años|395|7|396|395|0|0|0|0|7
02|V|18 a 20 años|3015|2|3017|792|2802|4|0|0|2
02|V|21 a 24 años|6439|0|6439|1113|6384|205|1|0|0
02|V|25 a 29 años|9546|0|9546|1921|9515|644|46|0|0
02|V|30 a 34 años|10034|0|10034|4262|9971|984|74|0|0
02|V|35 a 39 años|11031|0|11031|5831|10965|1434|149|0|0
02|V|40 a 44 años|11835|0|11835|6856|11722|1945|333|0|0
02|V|45 a 49 años|13510|1|13510|8073|13189|2545|569|0|1
02|V|50 a 54 años|14075|1|14075|8456|13673|2710|1128|0|1
02|V|55 a 59 años|14309|5|14309|7880|13872|2596|1284|0|5
02|V|60 a 64 años|13308|10|13308|7946|12851|2361|1079|0|10
02|V|65 a 69 años|10412|12|10412|6908|9950|851|329|0|12
02|V|70 a 74 años|7516|10|7516|5593|7063|218|116|0|10
02|V|Más de 74 años|14764|65|14764|13086|10031|119|47|0|65
03|M|15 a 17 años|1377|0|1377|1377|0|0|0|0|0
03|M|18 a 20 años|9089|0|9089|2018|8118|0|0|0|0
03|M|21 a 24 años|22832|0|22832|2126|22537|33|3|0|0
03|M|25 a 29 años|32723|0|32723|2564|32571|97|12|0|0
03|M|30 a 34 años|37849|0|37849|6877|37587|129|37|0|0
03|M|35 a 39 años|44522|0|44522|11187|44162|186|78|0|0
03|M|40 a 44 años|52476|0|52476|16548|51858|255|132|0|0
03|M|45 a 49 años|61406|0|61406|21303|60063|497|183|0|0
03|M|50 a 54 años|58492|0|58492|21387|56842|782|166|0|0
03|M|55 a 59 años|53183|0|53183|16854|51655|1025|151|0|0
03|M|60 a 64 años|45511|0|45511|13716|44060|1051|69|0|0
03|M|65 a 69 años|35655|0|35655|9030|34519|784|33|0|0
03|M|70 a 74 años|23213|0|23213|5231|22363|294|13|0|0
03|M|Más de 74 años|22615|0|22615|7069|20077|97|6|0|0
03|V|15 a 17 años|3202|2|3203|3202|0|0|0|0|2
03|V|18 a 20 años|14136|0|14136|5511|12030|9|0|0|0
03|V|21 a 24 años|28939|0|28939|7261|28060|432|5|0|0
03|V|25 a 29 años|38549|0|38549|9211|38065|1309|96|0|0
03|V|30 a 34 años|42439|0|42439|17806|41854|1951|224|0|0
03|V|35 a 39 años|48588|0|48588|25383|47964|3159|585|0|0
03|V|40 a 44 años|58929|0|58929|34393|58033|5412|1101|0|0
03|V|45 a 49 años|72001|1|72002|42959|69975|8435|2034|0|1
03|V|50 a 54 años|69568|0|69568|44180|67309|9727|3608|0|0
03|V|55 a 59 años|64097|0|64097|41126|61847|9296|3666|0|0
03|V|60 a 64 años|57254|1|57254|39571|55204|8045|2905|0|1
03|V|65 a 69 años|48646|0|48646|33791|46815|3828|1236|0|0
03|V|70 a 74 años|38771|4|38771|26630|37266|1454|444|0|4
03|V|Más de 74 años|61117|1|61117|45912|52363|727|195|0|1
04|M|15 a 17 años|89|0|89|89|0|0|0|0|0
04|M|18 a 20 años|2580|0|2580|187|2495|2|0|0|0
04|M|21 a 24 años|9007|0|9007|234|8986|28|0|0|0
04|M|25 a 29 años|13911|0|13911|574|13885|76|10|0|0
04|M|30 a 34 años|16373|0|16373|1952|16320|155|22|0|0
04|M|35 a 39 años|18605|0|18605|3104|18516|222|40|0|0
04|M|40 a 44 años|21346|0|21346|4875|21189|302|76|0|0
04|M|45 a 49 años|23385|0|23385|6412|22943|335|88|0|0
04|M|50 a 54 años|20897|0|20897|5901|20402|330|80|0|0
04|M|55 a 59 años|18740|0|18740|4467|18251|420|63|0|0
04|M|60 a 64 años|14759|0|14759|3265|14318|363|34|0|0
04|M|65 a 69 años|10763|0|10763|2158|10420|240|12|0|0
04|M|70 a 74 años|6103|0|6103|1288|5817|69|3|0|0
04|M|Más de 74 años|4456|0|4456|1212|4013|10|2|0|0
04|V|15 a 17 años|771|1|771|771|0|0|0|0|1
04|V|18 a 20 años|4929|1|4930|1480|4341|7|0|0|1
04|V|21 a 24 años|11420|0|11420|1909|11213|399|6|0|0
04|V|25 a 29 años|17681|0|17681|3194|17525|1318|67|0|0
04|V|30 a 34 años|20222|0|20222|6875|20067|2101|155|0|0
04|V|35 a 39 años|22769|0|22769|10243|22555|3281|396|0|0
04|V|40 a 44 años|26265|0|26265|13308|25859|4579|807|0|0
04|V|45 a 49 años|30116|0|30116|15793|29256|5816|1349|0|0
04|V|50 a 54 años|27064|1|27064|14895|26054|5543|2068|0|1
04|V|55 a 59 años|24624|0|24624|14167|23582|4681|2020|0|0
04|V|60 a 64 años|21136|1|21136|13461|20072|3814|1512|0|1
04|V|65 a 69 años|17404|0|17404|12064|16369|1912|622|0|0
04|V|70 a 74 años|12991|4|12991|9359|11987|612|176|0|4
04|V|Más de 74 años|18552|3|18552|14731|13686|208|62|0|3
05|M|15 a 17 años|24|0|24|24|0|0|0|0|0
05|M|18 a 20 años|610|0|610|59|595|0|0|0|0
05|M|21 a 24 años|1885|0|1885|84|1881|9|0|0|0
05|M|25 a 29 años|2727|0|2727|112|2724|9|1|0|0
05|M|30 a 34 años|3007|0|3007|379|3001|19|1|0|0
05|M|35 a 39 años|3536|0|3536|521|3527|34|10|0|0
05|M|40 a 44 años|4044|0|4044|645|4036|53|16|0|0
05|M|45 a 49 años|4903|0|4903|931|4852|55|23|0|0
05|M|50 a 54 años|4706|0|4706|878|4648|41|19|0|0
05|M|55 a 59 años|4701|0|4701|497|4651|27|9|0|0
05|M|60 a 64 años|4229|0|4229|392|4180|19|9|0|0
05|M|65 a 69 años|2918|0|2918|245|2870|6|5|0|0
05|M|70 a 74 años|1601|0|1601|112|1569|0|0|0|0
05|M|Más de 74 años|1186|0|1186|135|1124|0|0|0|0
05|V|15 a 17 años|154|4|157|154|0|0|0|0|4
05|V|18 a 20 años|1030|2|1032|264|975|0|0|0|2
05|V|21 a 24 años|2117|1|2118|335|2102|64|0|0|1
05|V|25 a 29 años|3157|0|3157|601|3152|202|33|0|0
05|V|30 a 34 años|3410|0|3410|1210|3395|291|37|0|0
05|V|35 a 39 años|3911|0|3911|1679|3886|560|116|0|0
05|V|40 a 44 años|4487|0|4487|2077|4469|840|244|0|0
05|V|45 a 49 años|5558|0|5558|2525|5489|1028|302|0|0
05|V|50 a 54 años|5606|0|5606|2518|5519|1019|457|0|0
05|V|55 a 59 años|5747|0|5747|2207|5646|1023|555|0|0
05|V|60 a 64 años|5945|2|5945|2452|5810|967|432|0|2
05|V|65 a 69 años|5370|2|5370|2254|5210|489|175|0|2
05|V|70 a 74 años|4102|2|4102|1765|3921|153|77|0|2
05|V|Más de 74 años|7544|9|7547|4806|5686|70|21|0|9
06|M|15 a 17 años|183|0|183|183|0|0|0|0|0
06|M|18 a 20 años|3225|0|3225|358|3087|0|0|0|0
06|M|21 a 24 años|9295|0|9295|435|9265|47|4|0|0
06|M|25 a 29 años|13657|0|13657|553|13640|102|27|0|0
06|M|30 a 34 años|16250|0|16250|1732|16225|129|42|0|0
06|M|35 a 39 años|17935|0|17935|2393|17904|173|53|0|0
06|M|40 a 44 años|19757|0|19757|3242|19680|186|71|0|0
06|M|45 a 49 años|21565|0|21565|3866|21349|199|63|0|0
06|M|50 a 54 años|20180|1|20180|3997|19827|109|66|0|1
06|M|55 a 59 años|18323|0|18323|2796|17945|86|61|0|0
06|M|60 a 64 años|14573|0|14573|1881|14199|33|20|0|0
06|M|65 a 69 años|9207|1|9207|1170|8876|7|3|0|1
06|M|70 a 74 años|4878|0|4878|512|4664|2|0|0|0
06|M|Más de 74 años|3223|0|3223|434|3009|2|1|0|0
06|V|15 a 17 años|1063|17|1075|1063|0|0|0|0|17
06|V|18 a 20 años|5565|6|5569|1636|5135|14|0|0|6
06|V|21 a 24 años|11097|1|11098|2064|10984|308|12|0|1
06|V|25 a 29 años|15868|0|15868|3360|15816|957|59|0|0
06|V|30 a 34 años|17971|1|17971|7666|17894|1494|153|0|1
06|V|35 a 39 años|19728|1|19728|10002|19627|2616|329|0|1
06|V|40 a 44 años|21426|2|21427|11733|21249|3524|618|0|2
06|V|45 a 49 años|23855|2|23855|12709|23410|4053|1007|0|2
06|V|50 a 54 años|24435|12|24438|13934|23679|4175|1720|2|10
06|V|55 a 59 años|24421|16|24423|13091|23485|3696|1824|0|16
06|V|60 a 64 años|23478|22|23478|13933|22239|3159|1349|0|22
06|V|65 a 69 años|18808|21|18808|13134|17514|1303|520|0|21
06|V|70 a 74 años|14174|38|14174|10110|12907|385|193|0|38
06|V|Más de 74 años|25920|87|25921|21295|16837|223|97|0|87
07|M|15 a 17 años|927|0|927|927|0|0|0|0|0
07|M|18 a 20 años|4643|0|4643|1585|3892|0|1|0|0
07|M|21 a 24 años|13227|0|13227|2120|12956|22|1|0|0
07|M|25 a 29 años|23622|0|23622|4534|23431|181|50|0|0
07|M|30 a 34 años|31693|0|31693|8672|31450|356|137|0|0
07|M|35 a 39 años|36137|0|36137|13696|35770|625|280|0|0
07|M|40 a 44 años|42256|0|42256|18455|41718|928|466|0|0
07|M|45 a 49 años|42709|0|42709|17066|41725|736|330|0|0
07|M|50 a 54 años|38014|0|38014|17220|36823|540|200|0|0
07|M|55 a 59 años|32997|1|32998|13932|31869|537|113|1|0
07|M|60 a 64 años|27181|2|27181|10170|26218|392|58|1|1
07|M|65 a 69 años|21364|0|21364|5955|20523|175|17|0|0
07|M|70 a 74 años|15333|0|15333|3709|14567|67|7|0|0
07|M|Más de 74 años|18099|0|18099|6380|14703|35|1|0|0
07|V|15 a 17 años|2153|4|2156|2153|0|0|0|0|4
07|V|18 a 20 años|7821|1|7822|3702|6337|7|0|0|1
07|V|21 a 24 años|16739|0|16739|5187|16126|246|12|0|0
07|V|25 a 29 años|20484|0|20484|5816|20173|686|139|0|0
07|V|30 a 34 años|22604|0|22604|10351|22245|1111|341|0|0
07|V|35 a 39 años|26079|0|26079|12918|25738|1684|629|0|0
07|V|40 a 44 años|31389|0|31389|17045|30829|2576|1029|0|0
07|V|45 a 49 años|41542|0|41542|26171|40224|4305|1763|0|0
07|V|50 a 54 años|42462|1|42462|28386|40947|4882|2418|0|1
07|V|55 a 59 años|37534|0|37534|25621|36040|4660|2451|0|0
07|V|60 a 64 años|31338|1|31338|22097|29906|4127|2023|0|1
07|V|65 a 69 años|25100|4|25100|17999|23836|1848|785|0|4
07|V|70 a 74 años|19981|4|19981|14105|18784|687|271|0|4
07|V|Más de 74 años|31986|14|31986|25978|25846|305|113|0|14
08|M|15 a 17 años|1018|0|1018|1018|0|0|0|0|0
08|M|18 a 20 años|18511|1|18511|2693|17503|20|0|0|1
08|M|21 a 24 años|60783|0|60783|4943|60355|94|7|0|0
08|M|25 a 29 años|92924|0|92924|9300|92374|304|83|0|0
08|M|30 a 34 años|110282|0|110282|19832|109444|417|210|0|0
08|M|35 a 39 años|123677|0|123677|26511|122617|630|440|0|0
08|M|40 a 44 años|146938|0|146938|37451|145196|939|652|0|0
08|M|45 a 49 años|178408|0|178408|53032|174504|1042|691|0|0
08|M|50 a 54 años|167887|0|167887|56300|162447|790|574|0|0
08|M|55 a 59 años|143882|0|143882|41049|139694|657|431|0|0
08|M|60 a 64 años|115774|0|115774|30134|112661|381|187|0|0
08|M|65 a 69 años|92343|0|92343|17971|90214|183|75|0|0
08|M|70 a 74 años|60240|0|60240|8811|58609|60|17|0|0
08|M|Más de 74 años|50255|0|50255|10343|46947|11|0|0|0
08|V|15 a 17 años|3185|16|3195|3185|0|0|0|0|16
08|V|18 a 20 años|30868|11|30875|8438|28265|51|0|0|11
08|V|21 a 24 años|76232|2|76233|14753|75050|751|24|0|2
08|V|25 a 29 años|105940|0|105940|25332|104809|2288|419|0|0
08|V|30 a 34 años|121415|1|121416|44226|119910|3767|951|0|1
08|V|35 a 39 años|136757|0|136757|57575|135157|6384|2175|0|0
08|V|40 a 44 años|164072|0|164072|78749|161802|11156|3896|0|0
08|V|45 a 49 años|212820|0|212820|110802|206947|17665|6209|0|0
08|V|50 a 54 años|210031|1|210031|119427|202748|20264|8779|0|1
08|V|55 a 59 años|183510|0|183510|99041|177210|18449|8648|0|0
08|V|60 a 64 años|152472|0|152472|86531|147295|17223|7373|0|0
08|V|65 a 69 años|126901|3|126901|67579|123039|8280|3416|0|3
08|V|70 a 74 años|100666|2|100666|48176|97405|3201|1447|0|2
08|V|Más de 74 años|156834|2|156835|93333|140174|1872|719|1|1
09|M|15 a 17 años|20|0|20|20|0|0|0|0|0
09|M|18 a 20 años|967|0|967|50|952|0|0|0|0
09|M|21 a 24 años|3639|0|3639|118|3636|6|0|0|0
09|M|25 a 29 años|5503|0|5503|175|5496|21|5|0|0
09|M|30 a 34 años|6106|0|6106|357|6099|29|10|0|0
09|M|35 a 39 años|7686|0|7686|584|7679|66|20|0|0
09|M|40 a 44 años|9079|0|9079|811|9065|104|42|0|0
09|M|45 a 49 años|11094|0|11094|1064|11055|128|56|0|0
09|M|50 a 54 años|10878|0|10878|1187|10806|83|47|0|0
09|M|55 a 59 años|10393|0|10393|860|10321|60|35|0|0
09|M|60 a 64 años|9044|0|9044|620|8958|40|24|0|0
09|M|65 a 69 años|6760|0|6760|443|6677|14|6|0|0
09|M|70 a 74 años|3897|0|3897|259|3815|1|1|0|0
09|M|Más de 74 años|2731|0|2731|435|2461|2|1|0|0
09|V|15 a 17 años|157|10|166|157|0|0|0|0|10
09|V|18 a 20 años|1864|2|1866|290|1807|0|0|0|2
09|V|21 a 24 años|4704|0|4704|519|4687|78|0|0|0
09|V|25 a 29 años|6893|0|6893|1052|6866|318|23|0|0
09|V|30 a 34 años|7730|0|7730|1842|7705|502|60|0|0
09|V|35 a 39 años|8888|1|8888|2675|8862|962|149|0|1
09|V|40 a 44 años|10636|2|10637|3574|10588|1470|289|0|2
09|V|45 a 49 años|13207|0|13207|4679|13102|2095|570|0|0
09|V|50 a 54 años|13317|1|13317|4738|13181|2471|1101|0|1
09|V|55 a 59 años|13093|1|13093|4083|12949|2360|1276|0|1
09|V|60 a 64 años|12504|2|12504|4144|12324|2252|1092|0|2
09|V|65 a 69 años|11329|5|11330|4021|11117|901|374|0|5
09|V|70 a 74 años|9062|4|9062|3597|8772|244|99|0|4
09|V|Más de 74 años|14531|22|14531|9332|11685|80|28|0|22
10|M|15 a 17 años|55|0|55|55|0|0|0|0|0
10|M|18 a 20 años|1662|0|1662|91|1629|0|0|0|0
10|M|21 a 24 años|5057|0|5057|139|5054|16|1|0|0
10|M|25 a 29 años|7328|0|7328|282|7327|42|7|0|0
10|M|30 a 34 años|8871|0|8871|874|8865|78|7|0|0
10|M|35 a 39 años|10132|0|10132|1038|10122|81|23|0|0
10|M|40 a 44 años|10805|0|10805|1529|10786|88|42|0|0
10|M|45 a 49 años|11699|0|11699|1676|11633|66|30|0|0
10|M|50 a 54 años|11805|0|11805|1784|11671|67|32|0|0
10|M|55 a 59 años|11461|1|11461|1194|11338|51|28|0|1
10|M|60 a 64 años|9899|1|9899|1021|9715|22|11|0|1
10|M|65 a 69 años|6714|0|6714|765|6523|10|5|0|0
10|M|70 a 74 años|3415|0|3415|303|3297|4|2|0|0
10|M|Más de 74 años|2268|0|2268|285|2088|0|0|0|0
10|V|15 a 17 años|317|1|318|317|0|0|0|0|1
10|V|18 a 20 años|2692|0|2692|602|2561|2|0|0|0
10|V|21 a 24 años|5724|0|5724|766|5699|161|5|0|0
10|V|25 a 29 años|8383|0|8383|1390|8367|524|40|0|0
10|V|30 a 34 años|9030|0|9030|3382|8994|783|85|0|0
10|V|35 a 39 años|10587|0|10587|4681|10546|1351|212|0|0
10|V|40 a 44 años|12011|0|12011|5663|11950|1867|340|0|0
10|V|45 a 49 años|13355|1|13355|6253|13121|2230|545|0|1
10|V|50 a 54 años|13634|1|13634|6198|13296|2239|920|0|1
10|V|55 a 59 años|14600|4|14600|5777|14211|2107|998|0|4
10|V|60 a 64 años|14952|7|14952|6895|14397|1989|853|0|7
10|V|65 a 69 años|12647|17|12649|6129|12026|848|307|0|17
10|V|70 a 74 años|9494|18|9495|4581|8888|302|132|0|18
10|V|Más de 74 años|15586|23|15587|10399|11201|146|65|0|23
11|M|15 a 17 años|1192|0|1192|1192|0|0|0|0|0
11|M|18 a 20 años|6812|0|6812|2078|5678|0|0|0|0
11|M|21 a 24 años|16654|0|16654|2235|16272|26|1|0|0
11|M|25 a 29 años|23889|0|23889|2963|23766|90|12|0|0
11|M|30 a 34 años|28642|0|28642|7810|28432|136|41|0|0
11|M|35 a 39 años|33178|0|33178|11420|32877|137|58|0|0
11|M|40 a 44 años|38621|0|38621|16624|38046|207|91|0|0
11|M|45 a 49 años|43743|0|43743|19741|42204|262|86|0|0
11|M|50 a 54 años|39940|0|39940|17604|37679|191|61|0|0
11|M|55 a 59 años|34535|0|34535|11699|32507|144|37|0|0
11|M|60 a 64 años|26060|0|26060|7854|24169|78|19|0|0
11|M|65 a 69 años|18256|0|18256|4527|16945|26|4|0|0
11|M|70 a 74 años|9947|0|9947|1585|9279|10|1|0|0
11|M|Más de 74 años|6650|0|6650|1157|6004|4|0|0|0
11|V|15 a 17 años|2843|0|2843|2843|0|0|0|0|0
11|V|18 a 20 años|10506|0|10506|4931|8410|6|0|0|0
11|V|21 a 24 años|20772|0|20772|5970|19961|280|12|0|0
11|V|25 a 29 años|26647|0|26647|7508|26279|911|95|0|0
11|V|30 a 34 años|29797|0|29797|15454|29325|1433|182|0|0
11|V|35 a 39 años|34858|0|34858|22094|34374|2508|462|0|0
11|V|40 a 44 años|40951|0|40951|28748|40201|4017|818|0|0
11|V|45 a 49 años|48628|1|48628|34070|46725|5387|1316|0|1
11|V|50 a 54 años|47623|1|47624|33598|44931|5725|1973|0|1
11|V|55 a 59 años|44589|1|44589|30200|41335|4540|1891|0|1
11|V|60 a 64 años|38666|4|38666|27546|34826|3421|1440|0|4
11|V|65 a 69 años|32526|3|32526|23660|29103|1577|661|0|3
11|V|70 a 74 años|23704|6|23704|16622|20959|577|249|0|6
11|V|Más de 74 años|36268|14|36268|28662|23951|245|119|0|14
12|M|15 a 17 años|379|0|379|379|0|0|0|0|0
12|M|18 a 20 años|2688|0|2688|672|2294|0|0|0|0
12|M|21 a 24 años|7471|0|7471|694|7377|12|0|0|0
12|M|25 a 29 años|10449|0|10449|884|10407|41|2|0|0
12|M|30 a 34 años|12097|0|12097|2176|12048|59|6|0|0
12|M|35 a 39 años|14279|0|14279|3462|14222|112|31|0|0
12|M|40 a 44 años|17144|0|17144|5076|17029|105|36|0|0
12|M|45 a 49 años|21124|0|21124|7858|20766|130|49|0|0
12|M|50 a 54 años|19379|0|19379|8042|18951|116|47|0|0
12|M|55 a 59 años|17776|0|17776|6669|17311|90|39|0|0
12|M|60 a 64 años|14678|0|14678|4926|14160|50|25|0|0
12|M|65 a 69 años|11187|0|11187|2841|10725|26|1|0|0
12|M|70 a 74 años|7190|0|7190|1355|6761|7|0|0|0
12|M|Más de 74 años|6465|0|6465|2322|4926|4|0|0|0
12|V|15 a 17 años|958|1|958|958|0|0|0|0|1
12|V|18 a 20 años|4150|0|4150|1570|3525|0|0|0|0
12|V|21 a 24 años|9286|0|9286|2278|9092|144|0|0|0
12|V|25 a 29 años|12750|0|12750|3353|12665|463|19|0|0
12|V|30 a 34 años|13420|0|13420|5916|13289|783|54|0|0
12|V|35 a 39 años|14906|0|14906|7754|14792|1340|157|0|0
12|V|40 a 44 años|19403|0|19403|11527|19212|2376|404|0|0
12|V|45 a 49 años|24735|0|24735|15512|24202|3289|725|0|0
12|V|50 a 54 años|23216|0|23216|15429|22650|3293|1123|0|0
12|V|55 a 59 años|21577|0|21577|14476|20936|3090|1371|0|0
12|V|60 a 64 años|18415|2|18415|13449|17839|2381|1017|0|2
12|V|65 a 69 años|15411|5|15411|11674|14896|941|336|0|5
12|V|70 a 74 años|12127|2|12127|9503|11583|280|109|0|2
12|V|Más de 74 años|20837|36|20837|17829|16624|162|53|0|36
13|M|15 a 17 años|142|0|142|142|0|0|0|0|0
13|M|18 a 20 años|1800|0|1800|188|1703|1|0|0|0
13|M|21 a 24 años|5922|0|5922|279|5882|18|0|0|0
13|M|25 a 29 años|9760|0|9760|401|9748|43|2|0|0
13|M|30 a 34 años|11221|0|11221|1259|11197|43|8|0|0
13|M|35 a 39 años|12808|0|12808|2091|12780|91|28|0|0
13|M|40 a 44 años|14277|0|14277|2900|14218|199|50|0|0
13|M|45 a 49 años|15428|0|15428|3004|15247|183|57|0|0
13|M|50 a 54 años|14828|0|14828|3288|14519|95|45|0|0
13|M|55 a 59 años|13795|0|13795|2359|13468|70|30|0|0
13|M|60 a 64 años|11062|0|11062|1630|10702|46|12|0|0
13|M|65 a 69 años|7265|0|7265|903|6967|10|7|0|0
13|M|70 a 74 años|3611|0|3611|398|3420|2|1|0|0
13|M|Más de 74 años|2365|2|2365|388|2114|0|0|0|2
13|V|15 a 17 años|615|31|638|615|0|0|0|0|31
13|V|18 a 20 años|3400|17|3414|956|3091|3|0|0|17
13|V|21 a 24 años|7320|3|7322|1186|7227|163|1|0|3
13|V|25 a 29 años|11304|3|11306|2244|11254|687|34|0|3
13|V|30 a 34 años|13064|0|13064|5391|12983|1064|77|0|0
13|V|35 a 39 años|13579|1|13579|6650|13482|1720|216|0|1
13|V|40 a 44 años|15090|0|15090|7807|14949|2292|411|0|0
13|V|45 a 49 años|17375|2|17377|8928|17015|2831|622|0|2
13|V|50 a 54 años|17162|5|17166|9137|16616|2942|1173|0|5
13|V|55 a 59 años|17706|7|17707|9020|17069|2985|1519|0|7
13|V|60 a 64 años|17031|19|17031|10110|16230|2826|1258|0|19
13|V|65 a 69 años|13733|30|13733|8646|12773|1185|471|0|30
13|V|70 a 74 años|10119|50|10119|6207|9140|422|197|0|50
13|V|Más de 74 años|20952|141|20952|17045|12401|187|76|0|141
14|M|15 a 17 años|385|1|386|385|0|0|0|0|1
14|M|18 a 20 años|3031|0|3031|719|2604|0|0|0|0
14|M|21 a 24 años|9872|0|9872|1001|9716|23|0|0|0
14|M|25 a 29 años|15328|0|15328|1312|15276|53|7|0|0
14|M|30 a 34 años|19137|0|19137|3148|19073|124|25|0|0
14|M|35 a 39 años|20602|0|20602|3567|20541|173|41|0|0
14|M|40 a 44 años|22118|0|22118|5346|21976|236|75|0|0
14|M|45 a 49 años|24641|0|24641|6570|24216|243|90|0|0
14|M|50 a 54 años|23287|0|23287|6748|22659|170|68|0|0
14|M|55 a 59 años|21719|0|21719|5050|20993|113|45|0|0
14|M|60 a 64 años|17223|1|17223|3471|16556|52|11|0|1
14|M|65 a 69 años|11352|0|11352|2195|10777|21|4|0|0
14|M|70 a 74 años|5423|1|5423|812|5101|9|0|0|1
14|M|Más de 74 años|3424|0|3424|663|3040|2|0|0|0
14|V|15 a 17 años|1330|6|1335|1330|0|0|0|0|6
14|V|18 a 20 años|5646|6|5648|2147|4739|7|0|0|6
14|V|21 a 24 años|12459|0|12459|2870|12205|252|5|0|0
14|V|25 a 29 años|17790|0|17790|4430|17682|823|55|0|0
14|V|30 a 34 años|19601|0|19601|9096|19470|1308|103|0|0
14|V|35 a 39 años|21691|0|21691|12125|21548|2361|318|0|0
14|V|40 a 44 años|24257|1|24258|15477|24033|3450|608|0|1
14|V|45 a 49 años|27753|0|27753|17657|27119|4226|1027|0|0
14|V|50 a 54 años|27068|1|27068|17888|26163|4332|1700|0|1
14|V|55 a 59 años|28111|2|28111|18063|26855|4215|2018|0|2
14|V|60 a 64 años|26234|3|26234|18274|24936|3694|1570|0|3
14|V|65 a 69 años|21691|7|21691|16219|20449|1572|649|0|7
14|V|70 a 74 años|15568|6|15568|11503|14382|486|241|0|6
14|V|Más de 74 años|27646|18|27646|23061|18167|262|115|0|18
15|M|15 a 17 años|62|2|64|62|0|0|0|0|2
15|M|18 a 20 años|3968|1|3969|160|3932|1|0|0|1
15|M|21 a 24 años|12044|0|12044|236|12038|26|0|0|0
15|M|25 a 29 años|17568|0|17568|493|17557|63|22|0|0
15|M|30 a 34 años|24429|0|24429|1893|24398|205|51|0|0
15|M|35 a 39 años|31430|0|31430|2733|31392|503|140|0|0
15|M|40 a 44 años|36873|0|36873|4009|36798|426|192|0|0
15|M|45 a 49 años|43521|0|43521|6116|43304|421|195|0|0
15|M|50 a 54 años|40227|1|40227|6781|39918|309|192|0|1
15|M|55 a 59 años|37089|2|37089|4222|36755|207|121|0|2
15|M|60 a 64 años|31094|5|31094|2736|30758|132|78|0|5
15|M|65 a 69 años|25551|21|25552|1983|25194|48|20|0|21
15|M|70 a 74 años|17771|25|17773|1409|17350|26|7|0|25
15|M|Más de 74 años|15756|36|15756|1850|14750|7|4|0|36
15|V|15 a 17 años|469|39|500|469|0|0|0|0|39
15|V|18 a 20 años|5950|17|5963|1004|5760|5|0|0|17
15|V|21 a 24 años|13874|0|13874|1612|13824|214|9|0|0
15|V|25 a 29 años|19461|0|19461|3177|19419|708|87|0|0
15|V|30 a 34 años|19616|2|19618|6364|19527|1242|203|0|2
15|V|35 a 39 años|21718|2|21719|9125|21585|2105|459|0|2
15|V|40 a 44 años|33649|0|33649|15654|33392|4046|932|0|0
15|V|45 a 49 años|43423|1|43424|21382|42616|5821|1524|0|1
15|V|50 a 54 años|41906|5|41908|21159|40867|6051|2945|1|4
15|V|55 a 59 años|38288|7|38288|16839|37313|5881|3203|0|7
15|V|60 a 64 años|35521|19|35521|16156|34299|5092|2543|0|19
15|V|65 a 69 años|31666|33|31667|14667|30267|2580|1114|0|33
15|V|70 a 74 años|26403|52|26406|11398|24947|981|423|0|52
15|V|Más de 74 años|47449|222|47452|24525|38785|679|291|0|222
16|M|15 a 17 años|42|0|42|42|0|0|0|0|0
16|M|18 a 20 años|1115|0|1115|107|1087|0|0|0|0
16|M|21 a 24 años|2892|0|2892|122|2890|14|0|0|0
16|M|25 a 29 años|4134|0|4134|210|4132|18|3|0|0
16|M|30 a 34 años|4483|0|4483|641|4479|41|6|0|0
16|M|35 a 39 años|4941|0|4941|722|4934|52|10|0|0
16|M|40 a 44 años|5078|0|5078|721|5069|61|19|0|0
16|M|45 a 49 años|5739|0|5739|931|5703|53|20|0|0
16|M|50 a 54 años|5747|0|5747|948|5700|64|26|0|0
16|M|55 a 59 años|5689|0|5689|677|5611|29|16|0|0
16|M|60 a 64 años|4860|0|4860|617|4731|12|9|0|0
16|M|65 a 69 años|2968|1|2968|312|2881|5|1|0|1
16|M|70 a 74 años|1455|0|1455|167|1383|1|0|0|0
16|M|Más de 74 años|965|0|965|217|818|2|1|0|0
16|V|15 a 17 años|210|4|212|210|0|0|0|0|4
16|V|18 a 20 años|1540|8|1547|373|1477|3|0|0|8
16|V|21 a 24 años|3458|1|3459|598|3445|158|1|0|1
16|V|25 a 29 años|4877|0|4877|1115|4869|392|29|0|0
16|V|30 a 34 años|5198|0|5198|2301|5185|593|50|0|0
16|V|35 a 39 años|5432|0|5432|2658|5416|926|118|0|0
16|V|40 a 44 años|6042|0|6042|2841|6011|1288|260|0|0
16|V|45 a 49 años|6813|1|6814|3068|6743|1522|376|0|1
16|V|50 a 54 años|6777|0|6777|2945|6686|1486|602|0|0
16|V|55 a 59 años|7347|4|7347|3056|7231|1538|825|0|4
16|V|60 a 64 años|7320|11|7320|3764|7152|1375|615|0|11
16|V|65 a 69 años|5927|11|5927|3629|5724|573|230|0|11
16|V|70 a 74 años|4265|19|4265|2965|4043|176|86|0|19
16|V|Más de 74 años|9937|105|9937|8551|6353|101|42|0|105
17|M|15 a 17 años|481|1|482|481|0|0|0|0|1
17|M|18 a 20 años|3178|1|3178|1129|2636|0|0|0|1
17|M|21 a 24 años|9483|0|9483|1529|9291|19|1|0|0
17|M|25 a 29 años|14187|0|14187|2508|14096|69|3|0|0
17|M|30 a 34 años|15781|0|15781|4960|15670|84|7|0|0
17|M|35 a 39 años|17720|0|17720|6291|17552|116|35|0|0
17|M|40 a 44 años|21833|0|21833|8863|21564|208|65|0|0
17|M|45 a 49 años|25571|0|25571|11635|25035|175|70|0|0
17|M|50 a 54 años|23711|0|23711|11730|23142|165|70|0|0
17|M|55 a 59 años|21542|0|21542|8793|21024|146|71|0|0
17|M|60 a 64 años|19237|0|19237|7341|18764|103|36|0|0
17|M|65 a 69 años|16325|0|16325|4983|15907|51|25|0|0
17|M|70 a 74 años|11893|0|11893|3228|11404|15|5|0|0
17|M|Más de 74 años|13269|0|13269|5033|11276|5|3|0|0
17|V|15 a 17 años|1333|24|1346|1333|0|0|0|0|24
17|V|18 a 20 años|5219|19|5233|2379|4296|1|0|0|19
17|V|21 a 24 años|11281|4|11285|3033|10986|150|5|0|4
17|V|25 a 29 años|15296|1|15297|4709|15108|511|24|0|1
17|V|30 a 34 años|17554|0|17554|8693|17325|923|103|0|0
17|V|35 a 39 años|19500|0|19500|10660|19249|1471|231|0|0
17|V|40 a 44 años|23544|0|23544|13712|23092|2301|569|0|0
17|V|45 a 49 años|30502|2|30502|18986|29670|3600|919|0|2
17|V|50 a 54 años|28858|0|28858|19251|28040|3644|1462|0|0
17|V|55 a 59 años|26193|2|26193|17016|25491|3571|1593|0|2
17|V|60 a 64 años|22997|0|22997|15896|22327|3064|1338|0|0
17|V|65 a 69 años|19580|0|19580|13552|19007|1453|620|0|0
17|V|70 a 74 años|15591|0|15591|10469|14981|502|224|0|0
17|V|Más de 74 años|24966|6|24966|20229|21187|284|120|0|6
18|M|15 a 17 años|455|0|455|455|0|0|0|0|0
18|M|18 a 20 años|3608|0|3608|863|3121|2|0|0|0
18|M|21 a 24 años|11766|0|11766|1249|11544|39|1|0|0
18|M|25 a 29 años|18970|0|18970|1599|18884|124|21|0|0
18|M|30 a 34 años|22631|0|22631|4340|22502|183|34|0|0
18|M|35 a 39 años|24448|0|24448|5835|24251|216|71|0|0
18|M|40 a 44 años|27212|0|27212|8102|26935|230|111|0|0
18|M|45 a 49 años|30236|0|30236|10017|29569|346|145|0|0
18|M|50 a 54 años|28403|0|28403|9603|27505|300|112|0|0
18|M|55 a 59 años|26555|1|26555|6870|25707|290|100|0|1
18|M|60 a 64 años|20959|0|20959|4323|20248|188|40|0|0
18|M|65 a 69 años|14339|1|14339|2253|13893|91|13|0|1
18|M|70 a 74 años|7568|1|7568|976|7306|27|1|0|1
18|M|Más de 74 años|4724|0|4724|789|4418|12|2|0|0
18|V|15 a 17 años|1775|5|1779|1775|0|0|0|0|5
18|V|18 a 20 años|6661|4|6662|2855|5378|12|0|0|4
18|V|21 a 24 años|14621|2|14622|3751|14149|334|17|0|2
18|V|25 a 29 años|21374|0|21374|5513|21162|1044|126|0|0
18|V|30 a 34 años|23783|0|23783|11158|23534|1674|245|0|0
18|V|35 a 39 años|26202|0|26202|15240|25888|2724|592|0|0
18|V|40 a 44 años|29996|0|29996|18488|29554|3938|1029|0|0
18|V|45 a 49 años|34204|0|34204|21466|33290|5027|1586|0|0
18|V|50 a 54 años|32830|2|32832|21615|31715|5452|2598|0|2
18|V|55 a 59 años|32860|2|32860|21383|31428|5026|2771|0|2
18|V|60 a 64 años|29569|2|29569|19841|28048|3962|1978|0|2
18|V|65 a 69 años|24707|8|24707|16574|23306|1780|860|0|8
18|V|70 a 74 años|17771|8|17771|11378|16549|594|276|0|8
18|V|Más de 74 años|29354|34|29354|22587|20777|319|158|0|34
19|M|15 a 17 años|31|0|31|31|0|0|0|0|0
19|M|18 a 20 años|1298|0|1298|66|1281|0|0|0|0
19|M|21 a 24 años|3803|0|3803|117|3796|13|1|0|0
19|M|25 a 29 años|5073|0|5073|252|5064|31|8|0|0
19|M|30 a 34 años|5946|0|5946|653|5935|49|15|0|0
19|M|35 a 39 años|8027|0|8027|1315|8005|146|38|0|0
19|M|40 a 44 años|9569|0|9569|1359|9541|169|66|0|0
19|M|45 a 49 años|10891|0|10891|1975|10830|150|56|0|0
19|M|50 a 54 años|9279|0|9279|1698|9183|107|50|0|0
19|M|55 a 59 años|7655|0|7655|889|7582|53|25|0|0
19|M|60 a 64 años|5958|0|5958|628|5877|22|12|0|0
19|M|65 a 69 años|3965|0|3965|410|3884|7|4|0|0
19|M|70 a 74 años|2106|0|2106|135|2063|6|2|0|0
19|M|Más de 74 años|1308|0|1308|139|1243|2|2|0|0
19|V|15 a 17 años|142|1|143|142|0|0|0|0|1
19|V|18 a 20 años|1948|1|1949|348|1879|0|0|0|1
19|V|21 a 24 años|4409|0|4409|512|4393|66|2|0|0
19|V|25 a 29 años|5572|0|5572|932|5554|257|25|0|0
19|V|30 a 34 años|6159|0|6159|2045|6124|384|56|0|0
19|V|35 a 39 años|6557|0|6557|2581|6519|660|168|0|0
19|V|40 a 44 años|8920|0|8920|3860|8866|1211|297|0|0
19|V|45 a 49 años|11497|0|11497|5112|11400|1832|545|0|0
19|V|50 a 54 años|11105|1|11105|5278|10948|1869|755|0|1
19|V|55 a 59 años|9845|0|9845|4025|9709|1577|844|0|0
19|V|60 a 64 años|8317|3|8317|3854|8169|1354|658|0|3
19|V|65 a 69 años|6575|6|6575|3002|6444|579|267|0|6
19|V|70 a 74 años|4579|4|4579|1984|4452|172|81|0|4
19|V|Más de 74 años|6997|24|6997|4494|5964|89|31|0|24
20|M|15 a 17 años|189|0|189|189|0|0|0|0|0
20|M|18 a 20 años|2562|0|2562|581|2290|1|0|0|0
20|M|21 a 24 años|8112|0|8112|832|7990|11|1|0|0
20|M|25 a 29 años|12019|0|12019|1082|11970|48|13|0|0
20|M|30 a 34 años|12409|0|12409|1424|12349|42|35|0|0
20|M|35 a 39 años|14260|0|14260|2132|14195|64|59|0|0
20|M|40 a 44 años|17703|0|17703|3091|17605|96|125|0|0
20|M|45 a 49 años|23027|0|23027|4083|22799|131|140|0|0
20|M|50 a 54 años|22547|0|22547|4068|22231|148|182|0|0
20|M|55 a 59 años|20316|0|20316|2904|20046|161|138|0|0
20|M|60 a 64 años|17461|0|17461|2082|17224|98|69|0|0
20|M|65 a 69 años|14078|1|14078|1436|13894|29|25|0|1
20|M|70 a 74 años|9186|0|9186|915|8988|7|6|0|0
20|M|Más de 74 años|7313|0|7313|1088|6938|1|0|0|0
20|V|15 a 17 años|440|0|440|440|0|0|0|0|0
20|V|18 a 20 años|4163|0|4163|1273|3764|4|0|0|0
20|V|21 a 24 años|10495|0|10495|2311|10344|132|3|0|0
20|V|25 a 29 años|14397|0|14397|3356|14297|402|82|0|0
20|V|30 a 34 años|14556|0|14556|4373|14478|657|213|0|0
20|V|35 a 39 años|16493|0|16493|5804|16397|1032|402|0|0
20|V|40 a 44 años|20690|1|20691|8386|20576|1638|613|0|1
20|V|45 a 49 años|27400|1|27400|11006|27055|2463|1005|0|1
20|V|50 a 54 años|27734|0|27734|12208|27244|3341|1892|0|0
20|V|55 a 59 años|25198|0|25198|10557|24742|3556|2092|0|0
20|V|60 a 64 años|22489|0|22489|9605|22067|3131|1676|0|0
20|V|65 a 69 años|19888|1|19889|8773|19381|1311|658|0|1
20|V|70 a 74 años|15950|2|15950|6934|15455|364|185|0|2
20|V|Más de 74 años|24365|3|24365|14071|21580|135|63|0|3
21|M|15 a 17 años|50|0|50|50|0|0|0|0|0
21|M|18 a 20 años|1833|0|1833|118|1787|0|0|0|0
21|M|21 a 24 años|6396|0|6396|169|6389|15|0|0|0
21|M|25 a 29 años|9689|0|9689|315|9670|66|2|0|0
21|M|30 a 34 años|11323|0|11323|1219|11299|70|11|0|0
21|M|35 a 39 años|13642|0|13642|2070|13609|104|25|0|0
21|M|40 a 44 años|15686|0|15686|3160|15625|112|20|0|0
21|M|45 a 49 años|17430|0|17430|4113|17186|126|37|0|0
21|M|50 a 54 años|15578|0|15578|3707|15178|113|47|0|0
21|M|55 a 59 años|13133|0|13133|2248|12817|81|26|0|0
21|M|60 a 64 años|9539|0|9539|1318|9295|46|12|0|0
21|M|65 a 69 años|6475|0|6475|730|6299|20|1|0|0
21|M|70 a 74 años|3257|0|3257|282|3162|17|3|0|0
21|M|Más de 74 años|2003|0|2003|199|1915|4|0|0|0
21|V|15 a 17 años|504|0|504|504|0|0|0|0|0
21|V|18 a 20 años|3766|0|3766|975|3422|4|0|0|0
21|V|21 a 24 años|8087|0|8087|1080|7991|151|5|0|0
21|V|25 a 29 años|11672|0|11672|1773|11622|612|30|0|0
21|V|30 a 34 años|13456|0|13456|4655|13371|971|81|0|0
21|V|35 a 39 años|14979|0|14979|6885|14889|1556|179|0|0
21|V|40 a 44 años|17921|0|17921|9603|17744|2350|426|0|0
21|V|45 a 49 años|20878|0|20878|11464|20415|2958|661|0|0
21|V|50 a 54 años|19479|0|19479|10873|18725|2753|967|0|0
21|V|55 a 59 años|17939|2|17939|9380|17020|2270|916|0|2
21|V|60 a 64 años|15241|6|15241|8525|14236|1547|655|1|5
21|V|65 a 69 años|12720|4|12720|7636|11780|737|311|0|4
21|V|70 a 74 años|9376|3|9376|5603|8552|257|113|0|3
21|V|Más de 74 años|14963|22|14963|11117|10496|133|56|0|22
21|V|Se desconoce|1|0|1|1|1|0|0|0|0
22|M|15 a 17 años|169|0|169|169|0|0|0|0|0
22|M|18 a 20 años|951|0|951|242|846|0|0|0|0
22|M|21 a 24 años|2545|0|2545|177|2536|2|0|0|0
22|M|25 a 29 años|3717|0|3717|301|3710|19|0|0|0
22|M|30 a 34 años|4197|0|4197|675|4188|21|5|0|0
22|M|35 a 39 años|5055|0|5055|879|5045|44|10|0|0
22|M|40 a 44 años|5770|0|5770|1187|5751|54|18|0|0
22|M|45 a 49 años|7008|0|7008|1483|6963|98|24|0|0
22|M|50 a 54 años|6616|0|6616|1388|6557|50|21|0|0
22|M|55 a 59 años|6386|0|6386|1039|6302|29|19|0|0
22|M|60 a 64 años|5826|0|5826|854|5734|9|6|0|0
22|M|65 a 69 años|4598|0|4598|501|4519|6|1|0|0
22|M|70 a 74 años|2850|1|2851|316|2755|1|0|1|0
22|M|Más de 74 años|2348|0|2348|577|1966|1|0|0|0
22|V|15 a 17 años|437|16|445|437|0|0|0|0|16
22|V|18 a 20 años|1597|1|1598|607|1425|0|0|0|1
22|V|21 a 24 años|3276|0|3276|777|3240|80|1|0|0
22|V|25 a 29 años|4734|0|4734|1202|4717|256|12|0|0
22|V|30 a 34 años|5070|0|5070|2091|5044|405|31|0|0
22|V|35 a 39 años|5625|1|5626|2704|5608|738|79|0|1
22|V|40 a 44 años|6997|0|6997|3415|6960|1074|154|0|0
22|V|45 a 49 años|8545|1|8546|4104|8438|1424|320|0|1
22|V|50 a 54 años|8181|0|8181|4183|8062|1403|566|0|0
22|V|55 a 59 años|7960|2|7961|3897|7842|1265|593|0|2
22|V|60 a 64 años|7540|1|7540|4087|7408|1196|565|0|1
22|V|65 a 69 años|6615|0|6615|3824|6482|485|192|0|0
22|V|70 a 74 años|5078|3|5078|3121|4916|111|40|0|3
22|V|Más de 74 años|9857|15|9858|8166|7588|29|5|0|15
23|M|15 a 17 años|121|0|121|121|0|0|0|0|0
23|M|18 a 20 años|2656|0|2656|244|2576|0|0|0|0
23|M|21 a 24 años|8598|0|8598|454|8564|26|0|0|0
23|M|25 a 29 años|14282|0|14282|732|14266|77|9|0|0
23|M|30 a 34 años|16814|0|16814|2131|16783|133|22|0|0
23|M|35 a 39 años|17327|0|17327|2795|17273|194|39|0|0
23|M|40 a 44 años|17382|0|17382|3307|17281|165|58|0|0
23|M|45 a 49 años|18023|0|18023|3797|17732|142|63|0|0
23|M|50 a 54 años|17299|0|17299|3785|16854|109|40|0|0
23|M|55 a 59 años|16291|0|16291|2609|15810|57|23|0|0
23|M|60 a 64 años|12865|0|12865|1691|12481|33|15|0|0
23|M|65 a 69 años|7968|0|7968|791|7711|14|5|0|0
23|M|70 a 74 años|3752|0|3752|302|3616|5|2|0|0
23|M|Más de 74 años|2171|0|2171|253|2025|0|0|0|0
23|V|15 a 17 años|1011|3|1013|1011|0|0|0|0|3
23|V|18 a 20 años|5199|3|5202|1450|4793|7|0|0|3
23|V|21 a 24 años|10631|1|10631|2040|10489|282|2|0|1
23|V|25 a 29 años|15052|0|15052|3471|14990|852|58|0|0
23|V|30 a 34 años|16521|0|16521|7355|16434|1367|110|0|0
23|V|35 a 39 años|17158|0|17158|9029|17057|2188|341|0|0
23|V|40 a 44 años|19157|0|19157|10839|18990|3016|637|0|0
23|V|45 a 49 años|21690|0|21690|12207|21221|3741|925|0|0
23|V|50 a 54 años|22055|2|22055|12577|21332|3695|1496|0|2
23|V|55 a 59 años|23076|5|23076|12278|22107|3401|1620|0|5
23|V|60 a 64 años|22027|7|22027|12530|20863|2976|1312|0|7
23|V|65 a 69 años|17953|7|17953|10646|16802|1326|569|0|7
23|V|70 a 74 años|12351|11|12351|7250|11241|331|165|0|11
23|V|Más de 74 años|21226|25|21226|16162|13659|142|61|0|25
24|M|15 a 17 años|43|0|43|43|0|0|0|0|0
24|M|18 a 20 años|1606|0|1606|95|1577|0|0|0|0
24|M|21 a 24 años|5041|0|5041|145|5038|14|0|0|0
24|M|25 a 29 años|7028|0|7028|251|7022|21|8|0|0
24|M|30 a 34 años|7964|0|7964|561|7952|46|13|0|0
24|M|35 a 39 años|9942|0|9942|1003|9926|63|25|0|0
24|M|40 a 44 años|12349|0|12349|1400|12320|128|64|0|0
24|M|45 a 49 años|14448|0|14448|1848|14384|139|95|0|0
24|M|50 a 54 años|14376|0|14376|2059|14275|90|77|0|0
24|M|55 a 59 años|14425|1|14425|1625|14287|58|50|0|1
24|M|60 a 64 años|13359|0|13359|1273|13201|50|29|0|0
24|M|65 a 69 años|10324|0|10324|957|10101|15|12|0|0
24|M|70 a 74 años|6335|0|6335|517|6103|7|4|0|0
24|M|Más de 74 años|5588|1|5588|1129|4793|1|1|0|1
24|V|15 a 17 años|235|1|235|235|0|0|0|0|1
24|V|18 a 20 años|2615|3|2618|445|2546|1|0|0|3
24|V|21 a 24 años|5297|1|5298|707|5286|121|5|0|1
24|V|25 a 29 años|7888|0|7888|1348|7873|405|30|0|0
24|V|30 a 34 años|9112|0|9112|2904|9093|704|75|0|0
24|V|35 a 39 años|10991|0|10991|4201|10951|1340|195|0|0
24|V|40 a 44 años|13710|0|13710|5795|13645|2124|435|0|0
24|V|45 a 49 años|15989|0|15989|7075|15799|2588|648|0|0
24|V|50 a 54 años|16262|0|16262|7199|16031|2955|1366|0|0
24|V|55 a 59 años|16802|3|16803|6569|16545|2955|1576|0|3
24|V|60 a 64 años|16916|4|16917|6690|16625|3136|1477|0|4
24|V|65 a 69 años|15817|6|15817|6019|15444|1516|617|0|6
24|V|70 a 74 años|12134|5|12134|4562|11769|549|205|0|5
24|V|Más de 74 años|22282|51|22282|13655|17691|432|179|0|51
24|V|Se desconoce|0|1|1|0|0|0|0|1|0
25|M|15 a 17 años|91|1|92|91|0|0|0|0|1
25|M|18 a 20 años|1874|3|1877|198|1811|0|0|0|3
25|M|21 a 24 años|5410|0|5410|291|5398|19|0|0|0
25|M|25 a 29 años|7840|1|7841|434|7830|48|4|0|1
25|M|30 a 34 años|8561|0|8561|1440|8544|83|11|0|0
25|M|35 a 39 años|9558|0|9558|1728|9532|92|26|0|0
25|M|40 a 44 años|11055|0|11055|2355|11002|133|36|0|0
25|M|45 a 49 años|13598|0|13598|3263|13462|157|45|0|0
25|M|50 a 54 años|12520|0|12520|3009|12330|102|36|0|0
25|M|55 a 59 años|11454|0|11454|2385|11273|67|35|0|0
25|M|60 a 64 años|10472|0|10472|2010|10281|32|22|0|0
25|M|65 a 69 años|7976|0|7976|1173|7812|15|5|0|0
25|M|70 a 74 años|5313|1|5314|692|5101|5|1|0|1
25|M|Más de 74 años|4903|2|4903|1271|4171|0|0|0|2
25|V|15 a 17 años|538|47|568|538|0|0|0|0|47
25|V|18 a 20 años|3371|21|3384|932|3204|4|0|0|21
25|V|21 a 24 años|6966|4|6969|1254|6923|180|4|0|4
25|V|25 a 29 años|9142|2|9144|2173|9109|608|35|0|2
25|V|30 a 34 años|9781|0|9781|3863|9740|921|93|0|0
25|V|35 a 39 años|11180|1|11180|5127|11116|1513|265|0|1
25|V|40 a 44 años|13581|1|13582|6356|13485|2225|557|0|1
25|V|45 a 49 años|17358|1|17358|8649|17078|3070|903|0|1
25|V|50 a 54 años|16504|1|16505|8679|16215|2928|1254|0|1
25|V|55 a 59 años|15342|3|15344|8185|15020|2772|1367|0|3
25|V|60 a 64 años|13624|2|13624|8002|13271|2363|1077|0|2
25|V|65 a 69 años|11326|3|11326|6868|11004|1005|427|0|3
25|V|70 a 74 años|8729|2|8729|5496|8457|265|123|0|2
25|V|Más de 74 años|15577|5|15577|12907|12426|142|50|0|5
26|M|15 a 17 años|71|0|71|71|0|0|0|0|0
26|M|18 a 20 años|995|0|995|140|940|0|0|0|0
26|M|21 a 24 años|3335|0|3335|134|3318|6|0|0|0
26|M|25 a 29 años|5209|0|5209|228|5200|12|3|0|0
26|M|30 a 34 años|6009|0|6009|573|5989|17|9|0|0
26|M|35 a 39 años|7134|0|7134|884|7110|39|10|0|0
26|M|40 a 44 años|8605|0|8605|1076|8568|53|26|0|0
26|M|45 a 49 años|10646|0|10646|1743|10557|75|28|0|0
26|M|50 a 54 años|9638|0|9638|1862|9508|36|29|0|0
26|M|55 a 59 años|8730|1|8730|1394|8580|35|18|0|1
26|M|60 a 64 años|7328|0|7328|930|7196|15|9|0|0
26|M|65 a 69 años|5514|0|5514|530|5398|5|4|0|0
26|M|70 a 74 años|3021|0|3021|327|2894|3|2|0|0
26|M|Más de 74 años|2093|0|2093|528|1724|0|0|0|0
26|V|15 a 17 años|343|1|344|343|0|0|0|0|1
26|V|18 a 20 años|1936|3|1939|605|1757|1|0|0|3
26|V|21 a 24 años|4515|1|4516|757|4466|71|2|0|1
26|V|25 a 29 años|6373|0|6373|1185|6343|241|29|0|0
26|V|30 a 34 años|7035|0|7035|2319|6990|379|60|0|0
26|V|35 a 39 años|8012|0|8012|3132|7966|699|144|0|0
26|V|40 a 44 años|10296|0|10296|4259|10233|1158|308|0|0
26|V|45 a 49 años|12801|1|12801|5320|12650|1568|402|0|1
26|V|50 a 54 años|12455|0|12455|5595|12270|1754|730|0|0
26|V|55 a 59 años|11271|1|11271|4758|11104|1525|737|0|1
26|V|60 a 64 años|10386|3|10386|4884|10202|1325|619|0|3
26|V|65 a 69 años|8963|2|8963|4389|8794|568|229|0|2
26|V|70 a 74 años|6949|4|6949|3969|6768|151|64|0|4
26|V|Más de 74 años|11257|23|11259|8347|9085|55|20|0|23
27|M|15 a 17 años|29|0|29|29|0|0|0|0|0
27|M|18 a 20 años|1073|1|1074|103|1055|0|0|0|1
27|M|21 a 24 años|3328|0|3328|170|3326|18|0|0|0
27|M|25 a 29 años|4920|0|4920|251|4915|51|10|0|0
27|M|30 a 34 años|6262|0|6262|628|6251|66|18|0|0
27|M|35 a 39 años|8389|0|8389|1153|8384|247|46|0|0
27|M|40 a 44 años|10940|0|10940|1627|10916|419|97|0|0
27|M|45 a 49 años|11203|1|11203|1844|11144|186|87|0|1
27|M|50 a 54 años|10559|1|10560|1856|10487|144|81|0|1
27|M|55 a 59 años|10771|0|10771|1544|10676|116|63|0|0
27|M|60 a 64 años|9713|3|9714|1296|9581|60|27|0|3
27|M|65 a 69 años|8087|12|8087|1054|7867|31|8|0|12
27|M|70 a 74 años|5471|12|5471|821|5194|11|3|0|12
27|M|Más de 74 años|6009|21|6009|1860|4750|4|2|0|21
27|V|15 a 17 años|143|18|159|143|0|0|0|0|18
27|V|18 a 20 años|1765|8|1771|370|1727|1|0|0|8
27|V|21 a 24 años|3642|0|3642|592|3633|122|1|0|0
27|V|25 a 29 años|5156|0|5156|1157|5146|416|23|0|0
27|V|30 a 34 años|6556|0|6556|2466|6532|779|73|0|0
27|V|35 a 39 años|7279|1|7279|3327|7247|1330|184|0|1
27|V|40 a 44 años|8428|0|8428|4446|8384|1863|333|0|0
27|V|45 a 49 años|11106|4|11106|5891|10957|2584|601|0|4
27|V|50 a 54 años|11097|4|11098|5917|10889|2472|951|0|4
27|V|55 a 59 años|11361|7|11363|5563|11100|2572|1128|0|7
27|V|60 a 64 años|11451|9|11451|5911|11142|2475|1081|0|9
27|V|65 a 69 años|10826|12|10826|5873|10392|1468|558|0|12
27|V|70 a 74 años|8915|32|8916|4801|8459|563|223|0|32
27|V|Más de 74 años|18625|172|18630|12634|14038|299|127|0|172
28|M|15 a 17 años|948|0|948|948|0|0|0|0|0
28|M|18 a 20 años|23424|0|23424|1544|22808|4|0|0|0
28|M|21 a 24 años|73478|0|73478|2031|73330|68|8|0|0
28|M|25 a 29 años|112271|0|112271|4100|112052|223|130|0|0
28|M|30 a 34 años|141622|0|141622|11394|141311|441|293|0|0
28|M|35 a 39 años|165934|0|165934|16832|165652|840|584|0|0
28|M|40 a 44 años|194251|0|194251|20689|193902|1184|884|0|0
28|M|45 a 49 años|225308|0|225308|28265|224285|1238|973|0|0
28|M|50 a 54 años|209062|0|209062|30396|207410|994|828|0|0
28|M|55 a 59 años|175691|0|175691|21617|174213|696|570|0|0
28|M|60 a 64 años|137822|1|137823|14383|136603|420|302|0|1
28|M|65 a 69 años|101390|0|101390|8352|100407|139|83|0|0
28|M|70 a 74 años|63257|0|63257|3303|62642|35|19|0|0
28|M|Más de 74 años|52901|0|52901|5543|51984|25|8|0|0
28|V|15 a 17 años|2053|8|2061|2053|0|0|0|0|8
28|V|18 a 20 años|34731|3|34734|4299|33555|23|0|0|3
28|V|21 a 24 años|90360|0|90360|7715|89960|860|65|0|0
28|V|25 a 29 años|131202|0|131202|18475|130463|2578|871|0|0
28|V|30 a 34 años|155783|0|155783|39320|154755|4154|1810|0|0
28|V|35 a 39 años|172623|1|172624|52768|171782|7891|3537|0|1
28|V|40 a 44 años|207818|0|207818|69468|206871|13767|6073|0|0
28|V|45 a 49 años|255291|1|255292|90287|252299|20946|8941|0|1
28|V|50 a 54 años|247707|1|247707|93288|243708|23420|11313|0|1
28|V|55 a 59 años|217271|2|217271|76071|213770|21137|11178|0|2
28|V|60 a 64 años|181068|7|181069|65618|177962|18476|8917|0|7
28|V|65 a 69 años|143159|3|143159|50037|140495|8448|3987|0|3
28|V|70 a 74 años|109780|8|109780|32886|107808|3086|1690|0|8
28|V|Más de 74 años|165906|33|165906|73375|156568|2272|1038|0|33
29|M|15 a 17 años|651|0|651|651|0|0|0|0|0
29|M|18 a 20 años|8391|0|8391|1252|7815|0|0|0|0
29|M|21 a 24 años|21448|0|21448|1532|21224|20|2|0|0
29|M|25 a 29 años|30120|0|30120|2268|29968|46|32|0|0
29|M|30 a 34 años|36574|0|36574|7093|36326|66|45|0|0
29|M|35 a 39 años|43771|0|43771|11398|43421|172|108|0|0
29|M|40 a 44 años|54546|0|54546|15946|54014|472|247|0|0
29|M|45 a 49 años|58828|0|58828|19238|57617|574|201|0|0
29|M|50 a 54 años|53753|1|53753|18880|51978|618|148|0|1
29|M|55 a 59 años|46376|0|46376|13691|44660|694|90|0|0
29|M|60 a 64 años|35654|1|35654|9169|34327|661|50|0|1
29|M|65 a 69 años|25031|0|25031|5365|24224|366|17|0|0
29|M|70 a 74 años|15052|0|15052|2385|14680|127|6|0|0
29|M|Más de 74 años|11552|0|11552|2277|11224|44|6|0|0
29|V|15 a 17 años|2176|1|2176|2176|0|0|0|0|1
29|V|18 a 20 años|13870|2|13871|4293|12317|3|0|0|2
29|V|21 a 24 años|26947|0|26947|5652|26346|303|10|0|0
29|V|25 a 29 años|35864|1|35865|8693|35499|993|136|0|1
29|V|30 a 34 años|40116|0|40116|17498|39603|1625|336|0|0
29|V|35 a 39 años|46207|0|46207|25323|45659|3280|792|0|0
29|V|40 a 44 años|54773|0|54773|31785|54020|5350|1445|0|0
29|V|45 a 49 años|64338|1|64338|38389|62575|7437|2220|0|1
29|V|50 a 54 años|62593|2|62593|39471|60104|8010|2974|0|2
29|V|55 a 59 años|57135|6|57136|35928|54258|7254|3060|0|6
29|V|60 a 64 años|49313|12|49314|31314|46505|6235|2446|0|12
29|V|65 a 69 años|39645|7|39645|24657|37308|3007|1035|0|7
29|V|70 a 74 años|30144|13|30144|17851|28125|1105|385|0|13
29|V|Más de 74 años|43961|20|43961|29711|35360|653|286|0|20
30|M|15 a 17 años|530|1|531|530|0|0|0|0|1
30|M|18 a 20 años|7548|0|7548|1040|7073|1|0|0|0
30|M|21 a 24 años|21968|0|21968|1136|21828|55|0|0|0
30|M|25 a 29 años|30661|0|30661|1602|30607|150|15|0|0
30|M|30 a 34 años|35360|0|35360|5378|35264|206|27|0|0
30|M|35 a 39 años|39514|0|39514|8568|39360|329|63|0|0
30|M|40 a 44 años|45471|0|45471|13464|45098|458|141|0|0
30|M|45 a 49 años|50667|0|50667|16945|49709|466|183|0|0
30|M|50 a 54 años|46834|0|46834|16831|45481|491|152|0|0
30|M|55 a 59 años|42792|0|42792|12931|41296|508|124|0|0
30|M|60 a 64 años|33511|0|33511|9084|32044|478|69|0|0
30|M|65 a 69 años|24554|0|24554|5155|23403|276|14|0|0
30|M|70 a 74 años|14724|0|14724|3146|13619|96|2|0|0
30|M|Más de 74 años|12328|0|12328|4255|9552|34|1|0|0
30|V|15 a 17 años|2513|0|2513|2513|0|0|0|0|0
30|V|18 a 20 años|13061|1|13061|4364|11595|25|0|0|1
30|V|21 a 24 años|27505|1|27506|5895|26995|665|5|0|1
30|V|25 a 29 años|36392|0|36392|8033|36159|1862|89|0|0
30|V|30 a 34 años|37519|0|37519|15447|37195|2737|206|0|0
30|V|35 a 39 años|40779|0|40779|21794|40425|4277|535|0|0
30|V|40 a 44 años|50979|1|50980|29831|50346|6984|1065|1|0
30|V|45 a 49 años|62068|1|62068|36655|60419|9431|2073|0|1
30|V|50 a 54 años|58085|0|58085|36909|56064|9452|3727|0|0
30|V|55 a 59 años|53011|3|53011|34704|51009|8349|3909|0|3
30|V|60 a 64 años|43967|1|43967|31776|42069|6957|2949|0|1
30|V|65 a 69 años|35358|3|35358|27147|33568|3285|1193|0|3
30|V|70 a 74 años|26285|5|26285|20799|24576|1104|395|0|5
30|V|Más de 74 años|43809|17|43809|37321|32911|517|165|0|17
31|M|15 a 17 años|118|0|118|118|0|0|0|0|0
31|M|18 a 20 años|2577|0|2577|257|2475|1|1|0|0
31|M|21 a 24 años|9233|0|9233|287|9218|20|1|0|0
31|M|25 a 29 años|12744|0|12744|569|12727|32|6|0|0
31|M|30 a 34 años|12907|0|12907|1437|12877|60|15|0|0
31|M|35 a 39 años|14868|0|14868|1967|14832|82|35|0|0
31|M|40 a 44 años|17996|0|17996|2507|17937|114|72|0|0
31|M|45 a 49 años|21828|0|21828|3161|21715|148|90|0|0
31|M|50 a 54 años|20888|0|20888|3415|20689|143|116|0|0
31|M|55 a 59 años|18643|0|18643|2461|18422|85|77|0|0
31|M|60 a 64 años|15606|0|15606|2040|15365|54|39|0|0
31|M|65 a 69 años|12141|0|12141|1544|11830|17|13|0|0
31|M|70 a 74 años|7606|0|7606|1015|7237|6|2|0|0
31|M|Más de 74 años|6683|0|6683|1592|5704|2|1|0|0
31|V|15 a 17 años|530|11|541|530|0|0|0|0|11
31|V|18 a 20 años|4802|11|4812|1044|4491|2|0|0|11
31|V|21 a 24 años|10696|2|10697|1533|10626|148|2|0|2
31|V|25 a 29 años|14731|0|14731|2604|14700|485|39|0|0
31|V|30 a 34 años|15235|0|15235|4709|15184|747|61|0|0
31|V|35 a 39 años|16805|0|16805|6215|16718|1330|204|0|0
31|V|40 a 44 años|20787|0|20787|8212|20692|2102|406|0|0
31|V|45 a 49 años|25833|0|25833|10628|25595|3010|773|0|0
31|V|50 a 54 años|25421|0|25421|11373|25157|3464|1651|0|0
31|V|55 a 59 años|23464|1|23464|9751|23185|3358|1948|0|1
31|V|60 a 64 años|20537|3|20537|9971|20274|2999|1525|0|3
31|V|65 a 69 años|17338|0|17338|9320|17034|1178|543|0|0
31|V|70 a 74 años|13530|4|13531|7372|13147|291|128|0|4
31|V|Más de 74 años|23476|17|23476|16957|18799|155|72|0|17
32|M|15 a 17 años|14|0|14|14|0|0|0|0|0
32|M|18 a 20 años|816|0|816|39|808|0|0|0|0
32|M|21 a 24 años|2643|0|2643|68|2639|2|1|0|0
32|M|25 a 29 años|3982|0|3982|160|3979|17|4|0|0
32|M|30 a 34 años|5443|0|5443|467|5432|44|9|0|0
32|M|35 a 39 años|6673|0|6673|660|6656|76|27|0|0
32|M|40 a 44 años|8136|0|8136|1031|8122|98|45|0|0
32|M|45 a 49 años|9990|0|9990|1493|9941|109|61|0|0
32|M|50 a 54 años|9347|1|9348|1490|9260|86|67|0|1
32|M|55 a 59 años|9217|0|9217|939|9106|64|33|0|0
32|M|60 a 64 años|8304|1|8304|636|8196|32|19|0|1
32|M|65 a 69 años|6750|2|6750|534|6599|23|6|0|2
32|M|70 a 74 años|4797|6|4798|392|4666|9|2|0|6
32|M|Más de 74 años|4286|3|4286|592|3941|1|0|0|3
32|V|15 a 17 años|139|5|141|139|0|0|0|0|5
32|V|18 a 20 años|1448|5|1453|268|1405|1|0|0|5
32|V|21 a 24 años|3443|0|3443|430|3431|77|0|0|0
32|V|25 a 29 años|5266|0|5266|1026|5253|247|14|0|0
32|V|30 a 34 años|6056|0|6056|2061|6027|508|53|0|0
32|V|35 a 39 años|6907|2|6909|2850|6872|966|176|0|2
32|V|40 a 44 años|8598|3|8601|4083|8542|1417|290|1|2
32|V|45 a 49 años|10483|2|10484|5237|10287|1858|462|0|2
32|V|50 a 54 años|10236|1|10236|4968|10009|1946|910|0|1
32|V|55 a 59 años|10228|2|10228|4249|9969|1923|969|0|2
32|V|60 a 64 años|9900|9|9901|4178|9577|1719|801|1|8
32|V|65 a 69 años|9503|16|9505|4360|9070|969|466|0|16
32|V|70 a 74 años|8364|23|8367|3703|7948|344|164|0|23
32|V|Más de 74 años|16728|111|16729|9120|13967|227|94|0|111
33|M|15 a 17 años|96|0|96|96|0|0|0|0|0
33|M|18 a 20 años|3097|0|3097|223|3040|1|0|0|0
33|M|21 a 24 años|9732|0|9732|419|9710|32|6|0|0
33|M|25 a 29 años|13620|0|13620|651|13596|75|22|0|0
33|M|30 a 34 años|16598|0|16598|1379|16569|102|51|0|0
33|M|35 a 39 años|22153|0|22153|2172|22095|204|86|0|0
33|M|40 a 44 años|29599|0|29599|3489|29512|387|193|0|0
33|M|45 a 49 años|35833|0|35833|4197|35644|404|243|0|0
33|M|50 a 54 años|33285|0|33285|4427|32957|275|193|0|0
33|M|55 a 59 años|29135|0|29135|2904|28835|195|131|0|0
33|M|60 a 64 años|25349|0|25349|2147|25059|103|69|0|0
33|M|65 a 69 años|20948|1|20949|1521|20624|19|10|0|1
33|M|70 a 74 años|12599|2|12599|945|12277|13|3|0|2
33|M|Más de 74 años|10340|0|10340|1802|9256|2|0|0|0
33|V|15 a 17 años|461|3|461|461|0|0|0|0|3
33|V|18 a 20 años|5414|2|5416|1050|5234|1|0|0|2
33|V|21 a 24 años|11176|0|11176|1722|11106|268|6|0|0
33|V|25 a 29 años|15816|0|15816|2880|15753|818|87|0|0
33|V|30 a 34 años|17756|0|17756|5204|17665|1314|193|0|0
33|V|35 a 39 años|21974|1|21974|7893|21836|2281|446|0|1
33|V|40 a 44 años|27963|1|27963|11027|27799|3552|734|0|1
33|V|45 a 49 años|37301|0|37301|15929|36713|5228|1326|0|0
33|V|50 a 54 años|37371|2|37372|16693|36556|5421|2426|0|2
33|V|55 a 59 años|35281|2|35281|14022|34505|4889|2588|0|2
33|V|60 a 64 años|34095|4|34096|13545|33205|4320|2239|0|4
33|V|65 a 69 años|32291|9|32291|12118|31274|2053|904|0|9
33|V|70 a 74 años|26249|23|26250|9325|25316|564|241|0|23
33|V|Más de 74 años|40434|29|40434|23067|34019|339|144|0|29
34|M|15 a 17 años|6|0|6|6|0|0|0|0|0
34|M|18 a 20 años|530|0|530|9|529|0|0|0|0
34|M|21 a 24 años|1644|0|1644|40|1642|5|0|0|0
34|M|25 a 29 años|2618|0|2618|78|2615|15|3|0|0
34|M|30 a 34 años|2975|0|2975|187|2972|19|6|0|0
34|M|35 a 39 años|3626|0|3626|273|3620|44|6|0|0
34|M|40 a 44 años|4260|0|4260|411|4244|75|28|0|0
34|M|45 a 49 años|4866|0|4866|528|4849|70|27|0|0
34|M|50 a 54 años|4604|0|4604|555|4562|53|24|0|0
34|M|55 a 59 años|4684|0|4684|435|4647|30|19|0|0
34|M|60 a 64 años|4434|0|4434|447|4367|23|13|0|0
34|M|65 a 69 años|3387|0|3387|327|3315|3|5|0|0
34|M|70 a 74 años|1846|0|1846|167|1790|0|0|0|0
34|M|Más de 74 años|1252|0|1252|225|1108|0|0|0|0
34|V|15 a 17 años|56|14|68|56|0|0|0|0|14
34|V|18 a 20 años|828|2|830|99|806|1|0|0|2
34|V|21 a 24 años|1923|0|1923|241|1914|34|1|0|0
34|V|25 a 29 años|3004|0|3004|500|2998|159|6|0|0
34|V|30 a 34 años|3406|0|3406|1011|3399|262|23|0|0
34|V|35 a 39 años|4050|0|4050|1409|4035|493|80|0|0
34|V|40 a 44 años|4779|0|4779|1869|4763|733|151|0|0
34|V|45 a 49 años|5451|0|5451|2101|5396|920|249|0|0
34|V|50 a 54 años|5518|0|5518|2122|5432|1028|479|0|0
34|V|55 a 59 años|5872|0|5872|2010|5789|1151|663|0|0
34|V|60 a 64 años|6055|1|6055|2371|5956|1162|576|0|1
34|V|65 a 69 años|5747|1|5747|2922|5604|498|206|0|1
34|V|70 a 74 años|4466|1|4466|2785|4289|91|31|0|1
34|V|Más de 74 años|7376|2|7376|5684|5324|41|15|0|2
35|M|15 a 17 años|26|0|26|26|0|0|0|0|0
35|M|18 a 20 años|3110|0|3110|127|3068|0|0|0|0
35|M|21 a 24 años|12173|0|12173|302|12153|22|2|0|0
35|M|25 a 29 años|19420|0|19420|870|19364|79|47|0|0
35|M|30 a 34 años|23879|0|23879|1867|23789|86|81|0|0
35|M|35 a 39 años|28678|0|28678|3020|28570|211|184|0|0
35|M|40 a 44 años|32475|0|32475|4839|32312|249|226|0|0
35|M|45 a 49 años|35879|0|35879|5907|35436|333|212|0|0
35|M|50 a 54 años|37108|0|37108|5942|36483|410|226|0|0
35|M|55 a 59 años|32091|0|32091|3635|31633|346|128|0|0
35|M|60 a 64 años|24396|0|24396|2183|24131|311|77|0|0
35|M|65 a 69 años|16546|0|16546|1289|16398|148|17|0|0
35|M|70 a 74 años|10775|0|10775|729|10698|41|5|0|0
35|M|Más de 74 años|7521|0|7521|774|7456|16|1|0|0
35|V|15 a 17 años|233|0|233|233|0|0|0|0|0
35|V|18 a 20 años|4891|0|4891|677|4670|1|0|0|0
35|V|21 a 24 años|14045|0|14045|1615|13865|243|7|0|0
35|V|25 a 29 años|21331|0|21331|3479|21120|803|206|0|0
35|V|30 a 34 años|25510|0|25510|7064|25224|1334|492|0|0
35|V|35 a 39 años|28559|0|28559|10272|28192|2383|885|0|0
35|V|40 a 44 años|34150|0|34150|15523|33651|3929|1415|0|0
35|V|45 a 49 años|41207|0|41207|20248|39870|5335|1932|0|0
35|V|50 a 54 años|44704|0|44704|21557|42524|6199|3055|0|0
35|V|55 a 59 años|40213|0|40213|16975|38221|5323|2776|0|0
35|V|60 a 64 años|33393|1|33394|13196|31989|4481|2145|1|0
35|V|65 a 69 años|24555|2|24556|9249|23633|1937|833|1|1
35|V|70 a 74 años|18092|0|18092|6507|17327|716|306|0|0
35|V|Más de 74 años|21940|0|21940|10478|19612|297|139|0|0
36|M|15 a 17 años|75|0|75|75|0|0|0|0|0
36|M|18 a 20 años|4223|0|4223|240|4180|0|0|0|0
36|M|21 a 24 años|11315|0|11315|340|11294|19|0|0|0
36|M|25 a 29 años|15854|0|15854|672|15833|45|7|0|0
36|M|30 a 34 años|19381|0|19381|1646|19343|104|19|0|0
36|M|35 a 39 años|24951|0|24951|3201|24900|326|96|0|0
36|M|40 a 44 años|32394|0|32394|5421|32294|511|182|0|0
36|M|45 a 49 años|38683|0|38683|7120|38414|411|238|0|0
36|M|50 a 54 años|34607|0|34607|7000|34217|293|200|0|0
36|M|55 a 59 años|30505|0|30505|4586|30044|196|159|0|0
36|M|60 a 64 años|25007|2|25007|3064|24520|138|70|0|2
36|M|65 a 69 años|20487|5|20487|2585|19852|50|25|0|5
36|M|70 a 74 años|14447|8|14447|2054|13635|14|5|0|8
36|M|Más de 74 años|13511|6|13511|3100|11540|1|0|0|6
36|V|15 a 17 años|461|12|472|461|0|0|0|0|12
36|V|18 a 20 años|6227|3|6230|1144|6039|2|0|0|3
36|V|21 a 24 años|13831|0|13831|2018|13758|219|6|0|0
36|V|25 a 29 años|18283|0|18283|3586|18206|629|45|0|0
36|V|30 a 34 años|20407|0|20407|7361|20295|1196|103|0|0
36|V|35 a 39 años|21648|1|21649|9532|21478|1943|298|0|1
36|V|40 a 44 años|27749|0|27749|15258|27463|3332|651|0|0
36|V|45 a 49 años|38038|0|38038|22083|37039|4875|1252|0|0
36|V|50 a 54 años|36626|0|36626|20715|35360|5033|2192|0|0
36|V|55 a 59 años|33203|0|33203|16311|32038|4769|2653|0|0
36|V|60 a 64 años|28329|6|28329|13955|27084|3794|1853|0|6
36|V|65 a 69 años|25563|8|25567|12339|24366|1747|780|0|8
36|V|70 a 74 años|21271|10|21271|10053|20122|512|226|0|10
36|V|Más de 74 años|36434|40|36435|21270|30243|241|105|0|40
37|M|15 a 17 años|30|0|30|30|0|0|0|0|0
37|M|18 a 20 años|1426|0|1426|66|1413|0|0|0|0
37|M|21 a 24 años|3988|0|3988|126|3983|13|0|0|0
37|M|25 a 29 años|5801|0|5801|213|5799|29|2|0|0
37|M|30 a 34 años|6833|0|6833|480|6828|73|14|0|0
37|M|35 a 39 años|7316|0|7316|587|7309|65|16|0|0
37|M|40 a 44 años|8637|0|8637|800|8622|69|38|0|0
37|M|45 a 49 años|9709|0|9709|997|9669|82|42|0|0
37|M|50 a 54 años|10092|0|10092|1075|10023|58|36|0|0
37|M|55 a 59 años|9856|0|9856|712|9798|36|19|0|0
37|M|60 a 64 años|8423|0|8423|562|8330|26|19|0|0
37|M|65 a 69 años|6098|0|6098|385|6033|14|5|0|0
37|M|70 a 74 años|3453|0|3453|167|3405|5|1|0|0
37|M|Más de 74 años|2516|0|2516|236|2416|1|0|0|0
37|V|15 a 17 años|155|2|156|155|0|0|0|0|2
37|V|18 a 20 años|2114|3|2116|326|2063|0|0|0|3
37|V|21 a 24 años|4317|1|4318|545|4298|85|2|0|1
37|V|25 a 29 años|5966|0|5966|1061|5953|307|41|0|0
37|V|30 a 34 años|6458|0|6458|2014|6430|473|44|0|0
37|V|35 a 39 años|7891|0|7891|2806|7857|1003|227|0|0
37|V|40 a 44 años|9383|0|9383|3754|9330|1469|422|0|0
37|V|45 a 49 años|10770|1|10771|4156|10643|1823|624|0|1
37|V|50 a 54 años|11393|1|11393|4334|11227|2150|1046|0|1
37|V|55 a 59 años|11867|0|11867|3706|11676|2136|1192|0|0
37|V|60 a 64 años|11888|1|11888|4105|11644|1981|987|0|1
37|V|65 a 69 años|10341|0|10341|3577|10094|872|366|0|0
37|V|70 a 74 años|8001|0|8001|2644|7704|199|88|0|0
37|V|Más de 74 años|14286|12|14286|8115|11742|129|51|0|12
38|M|15 a 17 años|28|0|28|28|0|0|0|0|0
38|M|18 a 20 años|3310|0|3310|126|3265|0|0|0|0
38|M|21 a 24 años|11112|0|11112|189|11099|5|1|0|0
38|M|25 a 29 años|17901|0|17901|582|17880|27|20|0|0
38|M|30 a 34 años|21987|0|21987|1690|21933|58|52|0|0
38|M|35 a 39 años|25838|0|25838|2784|25759|109|127|0|0
38|M|40 a 44 años|31016|0|31016|4517|30904|206|186|0|0
38|M|45 a 49 años|34796|0|34796|5400|34462|281|249|0|0
38|M|50 a 54 años|34206|0|34206|4787|33775|349|260|0|0
38|M|55 a 59 años|30694|1|30694|3171|30372|378|182|0|1
38|M|60 a 64 años|24356|0|24356|2386|24134|255|103|0|0
38|M|65 a 69 años|17074|0|17074|1558|16954|149|40|0|0
38|M|70 a 74 años|11284|0|11284|832|11214|43|5|0|0
38|M|Más de 74 años|9207|0|9207|1103|9133|11|1|0|0
38|V|15 a 17 años|202|0|202|202|0|0|0|0|0
38|V|18 a 20 años|4878|0|4878|595|4680|0|0|0|0
38|V|21 a 24 años|12972|0|12972|1165|12872|117|4|0|0
38|V|25 a 29 años|19810|0|19810|2857|19690|424|79|0|0
38|V|30 a 34 años|23484|0|23484|6355|23293|847|230|0|0
38|V|35 a 39 años|26648|0|26648|9659|26383|1768|554|0|0
38|V|40 a 44 años|31679|1|31679|13587|31301|3186|1063|0|1
38|V|45 a 49 años|38081|1|38081|17145|37012|4451|1688|1|0
38|V|50 a 54 años|39546|0|39546|17309|38067|5521|2701|0|0
38|V|55 a 59 años|35423|0|35423|13640|34172|4947|2643|0|0
38|V|60 a 64 años|30308|0|30308|12401|29106|3975|1965|0|0
38|V|65 a 69 años|23291|1|23292|9337|22280|1998|983|0|1
38|V|70 a 74 años|17066|1|17066|5596|16399|711|350|0|1
38|V|Más de 74 años|22939|4|22941|9407|21363|327|134|0|4
39|M|15 a 17 años|92|0|92|92|0|0|0|0|0
39|M|18 a 20 años|2420|0|2420|189|2358|0|0|0|0
39|M|21 a 24 años|6962|0|6962|192|6946|4|1|0|0
39|M|25 a 29 años|9018|0|9018|316|9002|20|4|0|0
39|M|30 a 34 años|10780|0|10780|1027|10752|50|13|0|0
39|M|35 a 39 años|14364|0|14364|1471|14336|137|39|0|0
39|M|40 a 44 años|17528|0|17528|2477|17472|92|53|0|0
39|M|45 a 49 años|21471|0|21471|3881|21322|119|70|0|0
39|M|50 a 54 años|19823|0|19823|4292|19570|121|73|0|0
39|M|55 a 59 años|17671|0|17671|2999|17432|63|41|0|0
39|M|60 a 64 años|15035|0|15035|2438|14718|45|16|0|0
39|M|65 a 69 años|12411|0|12411|1489|12106|13|5|0|0
39|M|70 a 74 años|7881|0|7881|860|7590|6|1|0|0
39|M|Más de 74 años|6817|0|6817|1618|5785|4|3|0|0
39|V|15 a 17 años|422|8|428|422|0|0|0|0|8
39|V|18 a 20 años|3970|2|3972|950|3710|1|0|0|2
39|V|21 a 24 años|8146|1|8147|1280|8068|109|3|0|1
39|V|25 a 29 años|10400|0|10400|1799|10345|328|47|0|0
39|V|30 a 34 años|11390|1|11391|3387|11342|618|99|0|1
39|V|35 a 39 años|12762|0|12762|4940|12687|1266|255|0|0
39|V|40 a 44 años|18585|1|18586|8198|18470|2142|533|0|1
39|V|45 a 49 años|23315|0|23315|11404|22957|2936|834|0|0
39|V|50 a 54 años|22140|1|22141|11617|21692|3078|1340|0|1
39|V|55 a 59 años|20886|0|20886|10005|20403|3000|1484|0|0
39|V|60 a 64 años|18913|1|18913|9378|18355|2639|1270|0|1
39|V|65 a 69 años|17738|1|17739|8723|17145|1181|500|0|1
39|V|70 a 74 años|13748|0|13748|6612|13133|311|135|0|0
39|V|Más de 74 años|20494|1|20494|13615|16783|141|53|0|1
40|M|15 a 17 años|14|0|14|14|0|0|0|0|0
40|M|18 a 20 años|596|0|596|35|593|0|0|0|0
40|M|21 a 24 años|2199|0|2199|71|2199|7|0|0|0
40|M|25 a 29 años|2931|0|2931|114|2930|7|4|0|0
40|M|30 a 34 años|3046|0|3046|229|3040|21|7|0|0
40|M|35 a 39 años|3452|0|3452|322|3444|31|12|0|0
40|M|40 a 44 años|4048|0|4048|444|4037|55|22|0|0
40|M|45 a 49 años|4910|0|4910|709|4891|55|26|0|0
40|M|50 a 54 años|4826|0|4826|682|4801|45|33|0|0
40|M|55 a 59 años|4895|0|4895|439|4866|30|22|0|0
40|M|60 a 64 años|4384|0|4384|346|4346|15|6|0|0
40|M|65 a 69 años|3203|1|3203|253|3150|5|0|0|1
40|M|70 a 74 años|1690|0|1690|128|1653|2|0|0|0
40|M|Más de 74 años|1267|0|1267|172|1176|0|0|0|0
40|V|15 a 17 años|84|3|87|84|0|0|0|0|3
40|V|18 a 20 años|997|1|998|208|954|0|0|0|1
40|V|21 a 24 años|2224|1|2225|302|2220|57|0|0|1
40|V|25 a 29 años|3301|0|3301|630|3292|198|19|0|0
40|V|30 a 34 años|3670|0|3670|1236|3664|318|46|0|0
40|V|35 a 39 años|3882|0|3882|1348|3868|529|125|0|0
40|V|40 a 44 años|4741|0|4741|1861|4723|868|170|0|0
40|V|45 a 49 años|5537|0|5537|2393|5491|1084|326|0|0
40|V|50 a 54 años|5732|0|5732|2341|5678|1188|586|0|0
40|V|55 a 59 años|5913|1|5913|2088|5867|1137|648|0|1
40|V|60 a 64 años|5661|0|5661|1999|5603|1017|491|0|0
40|V|65 a 69 años|5051|0|5051|1663|4987|449|196|0|0
40|V|70 a 74 años|3558|4|3558|1429|3468|136|49|0|4
40|V|Más de 74 años|6221|17|6221|3952|5076|73|27|0|17
41|M|15 a 17 años|335|0|335|335|0|0|0|0|0
41|M|18 a 20 años|10050|0|10050|683|9784|0|0|0|0
41|M|21 a 24 años|26772|0|26772|966|26677|18|7|0|0
41|M|25 a 29 años|38435|0|38435|1724|38379|109|44|0|0
41|M|30 a 34 años|45955|0|45955|5685|45827|154|91|0|0
41|M|35 a 39 años|50905|0|50905|8810|50705|250|170|0|0
41|M|40 a 44 años|60623|0|60623|14676|60243|429|235|0|0
41|M|45 a 49 años|72844|0|72844|19752|71568|641|306|0|0
41|M|50 a 54 años|63592|0|63592|18870|61653|313|174|0|0
41|M|55 a 59 años|53461|0|53461|12269|51642|191|100|0|0
41|M|60 a 64 años|39642|0|39642|7887|38055|89|39|0|0
41|M|65 a 69 años|26509|1|26509|4722|25232|36|10|0|1
41|M|70 a 74 años|14407|0|14407|1903|13653|13|3|0|0
41|M|Más de 74 años|9132|0|9132|1515|8342|2|1|0|0
41|V|15 a 17 años|2067|1|2068|2067|0|0|0|0|1
41|V|18 a 20 años|14961|3|14962|3341|13809|7|0|0|3
41|V|21 a 24 años|31612|1|31612|4306|31303|423|20|0|1
41|V|25 a 29 años|41353|0|41353|6941|41157|1297|196|0|0
41|V|30 a 34 años|47150|0|47150|18057|46786|2027|408|0|0
41|V|35 a 39 años|52171|0|52171|25802|51807|3544|836|0|0
41|V|40 a 44 años|63758|0|63758|36875|63089|5805|1294|0|0
41|V|45 a 49 años|75076|0|75076|46163|72901|7913|2166|0|0
41|V|50 a 54 años|73584|6|73585|46759|70480|8719|3432|0|6
41|V|55 a 59 años|68553|7|68554|41811|64823|7639|3582|0|7
41|V|60 a 64 años|57961|22|57961|37373|53835|5961|2805|0|22
41|V|65 a 69 años|45950|23|45950|31311|42141|2685|1133|0|23
41|V|70 a 74 años|34653|27|34653|23567|31349|857|402|0|27
41|V|Más de 74 años|57693|55|57693|45859|38581|465|199|0|55
42|M|15 a 17 años|14|1|15|14|0|0|0|0|1
42|M|18 a 20 años|427|0|427|24|425|0|0|0|0
42|M|21 a 24 años|1095|0|1095|24|1095|1|0|0|0
42|M|25 a 29 años|1626|0|1626|44|1624|7|3|0|0
42|M|30 a 34 años|1804|0|1804|185|1800|13|1|0|0
42|M|35 a 39 años|2255|0|2255|182|2253|31|13|0|0
42|M|40 a 44 años|2299|0|2299|232|2296|29|10|0|0
42|M|45 a 49 años|2671|0|2671|326|2659|24|10|0|0
42|M|50 a 54 años|2512|0|2512|367|2500|25|16|0|0
42|M|55 a 59 años|2601|0|2601|233|2586|20|12|0|0
42|M|60 a 64 años|2352|0|2352|165|2338|11|7|0|0
42|M|65 a 69 años|1701|0|1701|112|1692|2|0|0|0
42|M|70 a 74 años|947|0|947|72|925|1|0|0|0
42|M|Más de 74 años|691|0|691|97|635|1|0|0|0
42|V|15 a 17 años|75|4|77|75|0|0|0|0|4
42|V|18 a 20 años|677|1|678|108|668|0|0|0|1
42|V|21 a 24 años|1438|0|1438|214|1438|45|2|0|0
42|V|25 a 29 años|1898|1|1899|358|1894|102|5|0|1
42|V|30 a 34 años|1965|0|1965|590|1960|198|17|0|0
42|V|35 a 39 años|2139|0|2139|840|2132|350|40|0|0
42|V|40 a 44 años|2619|0|2619|1000|2610|602|122|0|0
42|V|45 a 49 años|3162|1|3162|1214|3131|770|244|0|1
42|V|50 a 54 años|3227|0|3227|1272|3189|710|316|0|0
42|V|55 a 59 años|3410|0|3410|1199|3371|693|394|0|0
42|V|60 a 64 años|3386|1|3386|1120|3345|645|281|0|1
42|V|65 a 69 años|2752|2|2752|987|2701|245|99|0|2
42|V|70 a 74 años|2107|0|2107|914|2051|75|37|0|0
42|V|Más de 74 años|3917|9|3919|2694|3050|44|17|0|9
43|M|15 a 17 años|388|0|388|388|0|0|0|0|0
43|M|18 a 20 años|3219|0|3219|649|2906|0|0|0|0
43|M|21 a 24 años|9833|0|9833|827|9719|13|2|0|0
43|M|25 a 29 años|14086|0|14086|1218|14047|60|13|0|0
43|M|30 a 34 años|15583|0|15583|3016|15510|80|12|0|0
43|M|35 a 39 años|18432|0|18432|4298|18334|102|44|0|0
43|M|40 a 44 años|22632|0|22632|6709|22431|193|94|0|0
43|M|45 a 49 años|28305|0|28305|9680|27822|301|147|0|0
43|M|50 a 54 años|25080|0|25080|8981|24489|187|96|0|0
43|M|55 a 59 años|22307|1|22307|6857|21745|190|89|0|1
43|M|60 a 64 años|19234|0|19234|5217|18710|125|51|0|0
43|M|65 a 69 años|15587|0|15587|3264|15126|49|13|0|0
43|M|70 a 74 años|10577|0|10577|2138|9963|14|5|0|0
43|M|Más de 74 años|10140|0|10140|3248|8219|15|5|0|0
43|V|15 a 17 años|915|21|932|915|0|0|0|0|21
43|V|18 a 20 años|5462|9|5465|1723|4849|3|0|0|9
43|V|21 a 24 años|12295|1|12296|2380|12091|163|5|0|1
43|V|25 a 29 años|16402|0|16402|3855|16295|585|54|0|0
43|V|30 a 34 años|17950|1|17951|7307|17791|972|140|0|1
43|V|35 a 39 años|20675|0|20675|10005|20508|1771|392|0|0
43|V|40 a 44 años|26093|1|26094|14014|25792|2945|699|0|1
43|V|45 a 49 años|32495|1|32495|18467|31813|4136|1111|0|1
43|V|50 a 54 años|31028|2|31030|19029|30223|4488|1863|0|2
43|V|55 a 59 años|27829|2|27831|16436|27060|4012|1980|0|2
43|V|60 a 64 años|24042|2|24042|14845|23369|3377|1596|0|2
43|V|65 a 69 años|20976|3|20976|12933|20358|1716|778|0|3
43|V|70 a 74 años|16967|8|16967|10383|16368|688|299|0|8
43|V|Más de 74 años|28249|25|28249|20965|23634|430|162|0|25
44|M|15 a 17 años|99|0|99|99|0|0|0|0|0
44|M|18 a 20 años|619|0|619|120|572|0|0|0|0
44|M|21 a 24 años|1820|0|1820|123|1813|11|0|0|0
44|M|25 a 29 años|2501|0|2501|129|2496|16|1|0|0
44|M|30 a 34 años|2658|0|2658|335|2652|17|1|0|0
44|M|35 a 39 años|3008|0|3008|484|2998|21|5|0|0
44|M|40 a 44 años|3278|0|3278|656|3265|42|7|0|0
44|M|45 a 49 años|3688|0|3688|840|3652|55|11|0|0
44|M|50 a 54 años|3649|0|3649|870|3595|39|20|0|0
44|M|55 a 59 años|3810|0|3810|658|3755|18|9|0|0
44|M|60 a 64 años|3552|0|3552|580|3473|12|4|0|0
44|M|65 a 69 años|2572|0|2572|340|2490|2|0|0|0
44|M|70 a 74 años|1349|0|1349|180|1267|0|0|0|0
44|M|Más de 74 años|865|0|865|213|707|0|0|0|0
44|V|15 a 17 años|225|4|227|225|0|0|0|0|4
44|V|18 a 20 años|1091|4|1095|407|996|0|0|0|4
44|V|21 a 24 años|2032|1|2033|479|2021|69|1|0|1
44|V|25 a 29 años|2786|0|2786|710|2783|249|10|0|0
44|V|30 a 34 años|3216|0|3216|1356|3204|345|21|0|0
44|V|35 a 39 años|3610|1|3611|1678|3597|507|48|0|1
44|V|40 a 44 años|4160|1|4160|2031|4138|816|136|0|1
44|V|45 a 49 años|4682|0|4682|2335|4617|906|216|0|0
44|V|50 a 54 años|4699|1|4699|2371|4626|931|397|0|1
44|V|55 a 59 años|4856|0|4856|2349|4804|941|528|0|0
44|V|60 a 64 años|4896|2|4896|2602|4805|758|330|0|2
44|V|65 a 69 años|4321|5|4321|2644|4216|289|121|0|5
44|V|70 a 74 años|3193|4|3193|2210|3083|53|27|0|4
44|V|Más de 74 años|6267|19|6267|5212|4218|24|11|0|19
45|M|15 a 17 años|121|2|123|121|0|0|0|0|2
45|M|18 a 20 años|3379|0|3379|192|3318|0|0|0|0
45|M|21 a 24 años|9709|1|9710|249|9700|33|2|0|1
45|M|25 a 29 años|13589|0|13589|452|13580|61|12|0|0
45|M|30 a 34 años|15829|0|15829|1754|15803|95|35|0|0
45|M|35 a 39 años|18937|0|18937|2358|18913|152|69|0|0
45|M|40 a 44 años|22908|0|22908|2995|22858|201|107|0|0
45|M|45 a 49 años|25412|0|25412|3806|25270|219|116|0|0
45|M|50 a 54 años|22740|0|22740|3719|22536|170|97|0|0
45|M|55 a 59 años|19424|0|19424|2116|19205|91|64|0|0
45|M|60 a 64 años|15148|0|15148|1598|14850|51|39|0|0
45|M|65 a 69 años|10145|0|10145|1044|9900|14|8|0|0
45|M|70 a 74 años|5338|0|5338|476|5153|2|0|0|0
45|M|Más de 74 años|3517|0|3517|460|3259|3|2|0|0
45|V|15 a 17 años|707|19|719|707|0|0|0|0|19
45|V|18 a 20 años|5681|14|5691|1117|5378|1|0|0|14
45|V|21 a 24 años|12227|2|12229|1456|12184|239|4|0|2
45|V|25 a 29 años|16469|0|16469|2778|16449|758|76|0|0
45|V|30 a 34 años|17698|0|17698|6350|17641|1285|183|0|0
45|V|35 a 39 años|20229|0|20229|8814|20149|2251|477|0|0
45|V|40 a 44 años|25914|0|25914|11495|25808|3767|939|0|0
45|V|45 a 49 años|30221|0|30221|13444|29963|4956|1463|0|0
45|V|50 a 54 años|28040|0|28040|12456|27707|4726|2027|0|0
45|V|55 a 59 años|25239|4|25240|9744|24813|4035|2053|0|4
45|V|60 a 64 años|22345|8|22345|10206|21812|3372|1556|0|8
45|V|65 a 69 años|18429|20|18429|8968|17821|1496|648|0|20
45|V|70 a 74 años|13839|32|13839|6585|13136|510|260|0|32
45|V|Más de 74 años|24612|170|24612|17075|17682|292|127|0|170
46|M|15 a 17 años|2145|0|2145|2145|0|0|0|0|0
46|M|18 a 20 años|10382|0|10382|3079|8702|8|0|0|0
46|M|21 a 24 años|30953|0|30953|3510|30487|96|3|0|0
46|M|25 a 29 años|44360|0|44360|4163|44185|167|23|0|0
46|M|30 a 34 años|52447|0|52447|9573|52170|249|47|0|0
46|M|35 a 39 años|60143|0|60143|13109|59803|375|88|0|0
46|M|40 a 44 años|73616|0|73616|20547|73057|582|153|0|0
46|M|45 a 49 años|90789|0|90789|31120|89091|739|238|0|0
46|M|50 a 54 años|84306|0|84306|32967|81807|551|188|0|0
46|M|55 a 59 años|75306|0|75306|27129|72551|439|137|0|0
46|M|60 a 64 años|61891|0|61891|20484|59061|285|90|0|0
46|M|65 a 69 años|45761|0|45761|10509|43833|78|27|0|0
46|M|70 a 74 años|27555|1|27555|4208|26206|32|11|0|1
46|M|Más de 74 años|19798|0|19798|4269|17470|8|2|0|0
46|V|15 a 17 años|4822|4|4823|4822|0|0|0|0|4
46|V|18 a 20 años|18069|5|18073|7836|14780|36|0|0|5
46|V|21 a 24 años|40134|0|40134|10194|39012|617|10|0|0
46|V|25 a 29 años|55307|0|55307|14566|54762|1772|116|0|0
46|V|30 a 34 años|61508|0|61508|25267|60948|2688|271|0|0
46|V|35 a 39 años|68413|0|68413|33566|67915|4663|708|0|0
46|V|40 a 44 años|85138|0|85138|48560|84272|8604|1589|0|0
46|V|45 a 49 años|106935|1|106936|65619|104511|13414|3210|1|0
46|V|50 a 54 años|101921|0|101921|67375|98944|14420|5303|0|0
46|V|55 a 59 años|92602|2|92602|61740|89453|12926|5613|0|2
46|V|60 a 64 años|79371|7|79371|56807|76301|10701|4729|0|7
46|V|65 a 69 años|66017|3|66017|47892|63357|4376|1857|0|3
46|V|70 a 74 años|51029|5|51029|36195|48574|1104|484|0|5
46|V|Más de 74 años|81703|29|81703|66168|65816|621|247|0|29
47|M|15 a 17 años|26|0|26|26|0|0|0|0|0
47|M|18 a 20 años|2208|0|2208|90|2190|1|0|0|0
47|M|21 a 24 años|6254|0|6254|141|6249|9|0|0|0
47|M|25 a 29 años|8681|0|8681|309|8669|25|7|0|0
47|M|30 a 34 años|9254|0|9254|578|9245|13|8|0|0
47|M|35 a 39 años|11149|0|11149|872|11144|40|19|0|0
47|M|40 a 44 años|14447|0|14447|1408|14420|108|53|0|0
47|M|45 a 49 años|18282|0|18282|1975|18205|142|87|0|0
47|M|50 a 54 años|17577|0|17577|2258|17459|85|65|0|0
47|M|55 a 59 años|15424|0|15424|1269|15315|49|34|0|0
47|M|60 a 64 años|12439|0|12439|923|12333|25|10|0|0
47|M|65 a 69 años|9210|0|9210|643|9083|8|4|0|0
47|M|70 a 74 años|5297|0|5297|282|5193|2|2|0|0
47|M|Más de 74 años|3435|0|3435|306|3281|2|1|0|0
47|V|15 a 17 años|183|4|187|183|0|0|0|0|4
47|V|18 a 20 años|3548|1|3549|478|3471|5|0|0|1
47|V|21 a 24 años|7496|1|7497|904|7471|124|2|0|1
47|V|25 a 29 años|9713|0|9713|1645|9686|318|28|0|0
47|V|30 a 34 años|10918|1|10919|2980|10899|510|54|0|1
47|V|35 a 39 años|12541|0|12541|4146|12493|902|164|0|0
47|V|40 a 44 años|16059|0|16059|5963|15995|1673|366|0|0
47|V|45 a 49 años|20929|0|20929|8189|20748|2603|702|0|0
47|V|50 a 54 años|20459|0|20459|8066|20198|2863|1145|0|0
47|V|55 a 59 años|18858|0|18858|6330|18633|2685|1219|0|0
47|V|60 a 64 años|17144|2|17144|6140|16901|2397|929|0|2
47|V|65 a 69 años|14971|1|14971|5819|14684|1024|390|0|1
47|V|70 a 74 años|12227|2|12227|4982|11917|256|94|0|2
47|V|Más de 74 años|19858|9|19858|11783|17037|89|28|0|9
48|M|15 a 17 años|143|0|143|143|0|0|0|0|0
48|M|18 a 20 años|3436|0|3436|285|3327|1|0|0|0
48|M|21 a 24 años|11908|0|11908|439|11877|34|3|0|0
48|M|25 a 29 años|17124|0|17124|725|17102|68|26|0|0
48|M|30 a 34 años|18709|0|18709|1413|18660|59|62|0|0
48|M|35 a 39 años|23102|0|23102|1788|23054|118|136|0|0
48|M|40 a 44 años|27927|0|27927|2557|27858|167|221|0|0
48|M|45 a 49 años|35621|0|35621|3745|35429|208|270|0|0
48|M|50 a 54 años|34273|0|34273|4089|34006|185|214|0|0
48|M|55 a 59 años|30824|0|30824|3026|30567|164|123|0|0
48|M|60 a 64 años|26893|0|26893|2199|26645|106|54|0|0
48|M|65 a 69 años|20828|0|20828|1528|20586|17|13|0|0
48|M|70 a 74 años|12286|0|12286|755|12114|6|2|0|0
48|M|Más de 74 años|9132|0|9132|1305|8699|4|2|0|0
48|V|15 a 17 años|441|0|441|441|0|0|0|0|0
48|V|18 a 20 años|6006|2|6006|1015|5747|2|1|0|2
48|V|21 a 24 años|14882|0|14882|1688|14799|256|10|0|0
48|V|25 a 29 años|20982|0|20982|3273|20896|677|130|0|0
48|V|30 a 34 años|22644|0|22644|5400|22540|1044|291|0|0
48|V|35 a 39 años|26309|0|26309|7182|26199|1779|588|0|0
48|V|40 a 44 años|33524|0|33524|10426|33384|2871|996|0|0
48|V|45 a 49 años|42443|0|42443|13923|42022|3888|1524|0|0
48|V|50 a 54 años|42106|0|42106|14768|41453|4958|2456|0|0
48|V|55 a 59 años|39738|3|39738|13151|39123|5471|2709|0|3
48|V|60 a 64 años|36684|0|36684|11776|36151|4787|2272|0|0
48|V|65 a 69 años|31995|1|31995|9013|31481|1818|885|0|1
48|V|70 a 74 años|24286|1|24286|6013|23771|380|194|0|1
48|V|Más de 74 años|34731|0|34731|14390|31683|161|61|0|0
49|M|15 a 17 años|17|0|17|17|0|0|0|0|0
49|M|18 a 20 años|635|0|635|40|631|0|0|0|0
49|M|21 a 24 años|1840|0|1840|59|1840|7|1|0|0
49|M|25 a 29 años|2764|0|2764|116|2761|14|1|0|0
49|M|30 a 34 años|3179|0|3179|346|3175|21|4|0|0
49|M|35 a 39 años|3674|0|3674|469|3666|39|10|0|0
49|M|40 a 44 años|4317|0|4317|597|4302|54|19|0|0
49|M|45 a 49 años|5154|0|5154|697|5132|85|27|0|0
49|M|50 a 54 años|4832|0|4832|713|4787|41|20|0|0
49|M|55 a 59 años|5021|0|5021|477|4974|39|22|0|0
49|M|60 a 64 años|4564|1|4564|440|4487|20|8|0|1
49|M|65 a 69 años|3394|2|3394|337|3299|5|2|0|2
49|M|70 a 74 años|1957|3|1957|168|1879|3|1|0|3
49|M|Más de 74 años|1485|2|1485|251|1305|0|0|0|2
49|V|15 a 17 años|115|1|116|115|0|0|0|0|1
49|V|18 a 20 años|949|1|950|199|919|0|0|0|1
49|V|21 a 24 años|2178|0|2178|304|2172|47|0|0|0
49|V|25 a 29 años|3095|0|3095|580|3090|203|8|0|0
49|V|30 a 34 años|3332|0|3332|1176|3324|311|30|0|0
49|V|35 a 39 años|4023|0|4023|1669|4006|554|66|0|0
49|V|40 a 44 años|4785|0|4785|2183|4756|873|141|0|0
49|V|45 a 49 años|5596|0|5596|2532|5514|1056|251|0|0
49|V|50 a 54 años|5649|2|5649|2429|5557|1166|461|0|2
49|V|55 a 59 años|6042|6|6042|2172|5942|1144|592|0|6
49|V|60 a 64 años|6590|7|6590|2610|6406|1173|560|0|7
49|V|65 a 69 años|5993|13|5993|2424|5799|512|194|0|13
49|V|70 a 74 años|4845|14|4845|1997|4615|147|53|0|14
49|V|Más de 74 años|9544|63|9544|6189|7131|116|52|0|63
50|M|15 a 17 años|60|0|60|60|0|0|0|0|0
50|M|18 a 20 años|2695|0|2695|194|2618|0|0|0|0
50|M|21 a 24 años|9652|0|9652|265|9632|20|1|0|0
50|M|25 a 29 años|15108|0|15108|586|15060|56|12|0|0
50|M|30 a 34 años|17619|0|17619|1791|17538|87|17|0|0
50|M|35 a 39 años|20795|0|20795|2557|20687|178|68|0|0
50|M|40 a 44 años|24611|0|24611|3480|24456|239|133|0|0
50|M|45 a 49 años|29900|0|29900|4579|29614|270|162|0|0
50|M|50 a 54 años|28371|0|28371|4950|27958|205|188|0|0
50|M|55 a 59 años|24159|0|24159|3514|23721|126|108|0|0
50|M|60 a 64 años|19850|0|19850|2678|19445|71|58|0|0
50|M|65 a 69 años|14114|0|14114|1747|13726|11|8|0|0
50|M|70 a 74 años|7873|0|7873|862|7517|1|0|0|0
50|M|Más de 74 años|5290|0|5290|1068|4649|0|0|0|0
50|V|15 a 17 años|418|11|428|418|0|0|0|0|11
50|V|18 a 20 años|4953|11|4963|902|4720|5|0|0|11
50|V|21 a 24 años|13041|2|13042|1574|12967|226|4|0|2
50|V|25 a 29 años|18941|0|18941|3249|18874|703|52|0|0
50|V|30 a 34 años|20944|0|20944|6507|20807|1140|171|0|0
50|V|35 a 39 años|24403|0|24403|9138|24229|2223|453|0|0
50|V|40 a 44 años|29707|0|29707|12029|29482|3240|826|0|0
50|V|45 a 49 años|37256|0|37256|14921|36742|4614|1361|0|0
50|V|50 a 54 años|36873|3|36873|15774|36186|5104|2266|0|3
50|V|55 a 59 años|33350|3|33350|13721|32653|4477|2296|0|3
50|V|60 a 64 años|30048|13|30049|13638|29452|3895|2003|0|13
50|V|65 a 69 años|25251|12|25252|12139|24632|1485|711|1|11
50|V|70 a 74 años|19286|13|19286|9339|18712|270|128|0|13
50|V|Más de 74 años|31487|55|31487|21295|25289|119|59|0|55
51|M|15 a 17 años|16|0|16|16|0|0|0|0|0
51|M|18 a 20 años|343|0|343|59|330|0|0|0|0
51|M|21 a 24 años|1029|0|1029|91|1018|6|0|0|0
51|M|25 a 29 años|1602|0|1602|120|1597|13|0|0|0
51|M|30 a 34 años|1799|0|1799|189|1792|14|2|0|0
51|M|35 a 39 años|2048|0|2048|305|2040|27|7|0|0
51|M|40 a 44 años|2088|0|2088|391|2069|36|6|0|0
51|M|45 a 49 años|2041|0|2041|464|2001|29|10|0|0
51|M|50 a 54 años|1747|0|1747|354|1705|11|3|0|0
51|M|55 a 59 años|1493|0|1493|246|1457|4|3|0|0
51|M|60 a 64 años|1244|0|1244|153|1220|4|3|0|0
51|M|65 a 69 años|777|0|777|60|768|1|0|0|0
51|M|70 a 74 años|326|0|326|11|323|3|0|0|0
51|M|Más de 74 años|161|0|161|7|159|0|0|0|0
51|V|15 a 17 años|96|0|96|96|0|0|0|0|0
51|V|18 a 20 años|672|0|672|352|590|0|0|0|0
51|V|21 a 24 años|1268|0|1268|490|1229|40|0|0|0
51|V|25 a 29 años|1769|0|1769|680|1752|159|15|0|0
51|V|30 a 34 años|1961|0|1961|962|1943|196|26|0|0
51|V|35 a 39 años|2321|0|2321|1341|2285|340|64|0|0
51|V|40 a 44 años|2669|0|2669|1397|2629|498|105|0|0
51|V|45 a 49 años|2940|0|2940|1612|2857|579|148|0|0
51|V|50 a 54 años|2813|0|2813|1428|2725|465|198|0|0
51|V|55 a 59 años|2564|0|2564|1217|2458|370|188|0|0
51|V|60 a 64 años|2204|0|2204|1015|2108|337|167|0|0
51|V|65 a 69 años|1633|0|1633|695|1586|184|81|0|0
51|V|70 a 74 años|993|0|993|375|967|59|27|0|0
51|V|Más de 74 años|998|0|998|557|850|32|19|0|0
52|M|15 a 17 años|28|0|28|28|0|0|0|0|0
52|M|18 a 20 años|425|0|425|35|415|0|0|0|0
52|M|21 a 24 años|1323|0|1323|45|1320|4|0|0|0
52|M|25 a 29 años|1962|0|1962|63|1962|6|0|0|0
52|M|30 a 34 años|2120|0|2120|139|2118|11|1|0|0
52|M|35 a 39 años|2223|0|2223|225|2222|32|8|0|0
52|M|40 a 44 años|2310|0|2310|344|2308|31|7|0|0
52|M|45 a 49 años|2128|0|2128|457|2095|17|7|0|0
52|M|50 a 54 años|1830|0|1830|415|1797|6|3|0|0
52|M|55 a 59 años|1743|0|1743|305|1713|4|1|0|0
52|M|60 a 64 años|1250|0|1250|148|1235|1|0|0|0
52|M|65 a 69 años|934|0|934|70|923|0|0|0|0
52|M|70 a 74 años|449|0|449|14|445|0|0|0|0
52|M|Más de 74 años|282|0|282|16|279|0|0|0|0
52|V|15 a 17 años|147|0|147|147|0|0|0|0|0
52|V|18 a 20 años|719|0|719|235|640|0|0|0|0
52|V|21 a 24 años|1606|0|1606|322|1583|60|0|0|0
52|V|25 a 29 años|2166|0|2166|525|2153|210|11|0|0
52|V|30 a 34 años|2212|0|2212|875|2192|252|22|0|0
52|V|35 a 39 años|2326|0|2326|1012|2311|332|61|0|0
52|V|40 a 44 años|2791|0|2791|1230|2772|433|86|0|0
52|V|45 a 49 años|2905|0|2905|1319|2810|455|120|0|0
52|V|50 a 54 años|2662|0|2662|1177|2574|322|108|0|0
52|V|55 a 59 años|2680|0|2680|1173|2582|291|93|0|0
52|V|60 a 64 años|2323|0|2323|922|2223|237|114|0|0
52|V|65 a 69 años|1847|0|1847|734|1767|103|44|0|0
52|V|70 a 74 años|1055|0|1055|382|998|20|7|0|0
52|V|Más de 74 años|1069|0|1069|569|888|7|3|0|0
